3.8063562842782157
3.724641118980534
4.1234843564000805
3.781472992013091
3.847049802135712
3.800850752020742
3.9599101085661053
4.084490304421324
4.833256250539801
4.367485090119414
3.77288999165945
3.8968165819525256
3.9816391413899126
3.645725896797239
3.625210997366885
3.7685868742704915
3.6522811805033752
5.212530140146663
4.631312336146999
3.7174160160752026
4.14231406834496
3.6387525491136525
3.611762093535119
5.880004297676266
3.775195053719905
4.032745667832368
3.7973480632802636
4.205527177063576
5.3553499549443675
4.335459777509991
3.8722738127139316
4.110402326943475
3.8699813621632155
4.320742029176317
4.161438025632096
4.345138379644908
3.9185337149882367
4.326759240886348
3.903772768154543
3.9661748366784777
3.903960269444478
3.6444673046970864
5.093405517420367
5.13204865866734
3.88745997542613
4.032704795933307
3.7108536021064586
4.120538865815824
3.958436788303433
3.872846160246624
4.054437071679087
4.402460512115138
3.7752209081091563
3.6314074022353067
3.5664332600896422
3.562990362593091
3.6626451176837493
3.604223139613556
4.395547836078004
3.644330906324286
3.9460474052206678
4.752539815163109
4.6332817031282625
4.243917346173252
3.8930221493210526
3.752764822652875
4.905186601133563
3.5705638618813498
3.5614479115983153
4.440892984268012
3.687620517208221
5.03587124533466
3.6330251870523576
4.056661884374984
3.817609032242138
5.760290265157495
3.621740262743937
3.5858088267349615
4.088099711976335
4.6602073591134
3.898130755142248
4.220880718295541
4.353540778943591
3.9925163644305837
3.6976449829187654
6.05648951706872
4.1999504971449735
3.690946055342086
3.7227043662817416
3.6732987089499742
4.419787502187083
4.425565173501877
4.811366163556537
4.177541164493153
3.8009185451415535
3.6831719428445213
4.893535255790049
3.954271201373907
3.61706614948676
3.7782250388367915
4.387372120721848
3.883540359511252
4.338003489549543
4.268001936512803
3.78773133806042
3.7098047379614836
3.9764246652131474
4.315858848187964
3.8920697036425747
3.9410738325133066
4.2321718357191
4.211862591275307
3.7554598373781793
4.306370244593211
4.519814912837615
5.51689617956314
3.5896249105151297
4.067453829945186
3.627121665686771
3.6904259560318557
3.8950075389477252
3.805879907898083
4.7428535408309855
3.7268695723453473
3.7652961570732346
3.67206380823573
4.270612140158178
4.042028663311343
3.8422398960820985
3.682127424075203
3.665805452696402
4.260363826541212
3.7646952915617287
3.6769747490510234
3.7096949395912753
3.6165116192417837
4.081159386874695
4.192752525757215
4.6847873107872955
3.813185822328161
3.997776807917063
3.8969785683167584
4.200881332301073
4.714813939079548
3.6504122813774034
3.9156673994947244
4.216652022304965
3.8310198157838866
4.727167634305224
3.596555803462961
5.193132470596366
4.4176302852489435
3.9180145290837514
4.4473369633756885
3.953534081787703
3.7681437897880645
4.176372322597146
3.7314546714862367
4.117867467205607
3.7561755691794807
3.829109508209842
4.686354313545639
3.765571423066128
4.200976011242562
3.8963368820566178
4.049069541810662
4.13394118861437
4.663187783552669
3.5710254269256354
3.8351839131988794
3.71972221485393
3.702098055597798
4.235192615173117
3.916609631871903
4.0969868295695795
4.468650203478822
3.870476424829916
5.881557960778862
6.126078990964465
4.550008370076486
6.049828935588077
5.976391935040025
4.4294560124679165
3.6106371412713907
3.6538808527055013
3.581844475427464
4.506991717279861
3.6284219219364284
5.802948292744613
3.733214852791262
3.754920716207823
4.000807109557753
4.168583166256447
3.8206422007407146
4.047399012278836
4.913767539011498
4.88324529335563
3.623973555154448
3.834573688254534
3.9788091704372457
4.120772819782415
4.028862593691812
4.575628493769214
3.67307026130306
5.16885884965913
5.175156192051192
3.985459368334922
3.642947013346414
3.5582481530975087
3.5580544696814744
6.473244505770571
6.413324001540152
3.7460151537317525
4.22382272701739
3.7141179147832144
3.6563783874183984
3.74535990924158
3.936852842129884
4.642075991085663
3.696309503093607
3.734551005660866
4.3606230116877445
4.5113475350931695
3.7592469055448356
5.2201725617151045
4.116922194363598
4.2650080312512335
4.095345269009987
3.9918977684230996
4.125489731995899
3.681106919633953
4.251060349100077
4.670104463402518
4.089963182323798
3.782376471897028
3.85500672298494
4.120828894306984
3.742302581325555
4.1868734246370565
3.7240933113129238
4.160368341442605
5.084184808692476
3.8943841580891716
3.847495985504885
3.8418802322560803
3.7246642827736958
3.5965255982665343
3.590343762870145
3.6522272611466686
3.62464509063515
3.7309037567895986
3.6582341254764232
3.764587549378788
3.9265366980063763
3.9417356989763346
3.918935257914553
3.608391090529441
4.087834994330493
3.726641049265278
4.331885326132301
5.0096347506146355
3.9500252447907793
3.8258389253400265
3.5801091283704554
3.5842879960107306
3.5858971375866506
3.5899212225932375
3.6762223438463715
3.7849070927390445
4.046872138644111
4.469408095521874
3.7367939705271684
3.814679299467033
4.194669120837066
3.590296337370668
3.566324405299862
3.7479084649106893
3.637548650173006
3.9685153073491213
4.300549854362661
3.8588063539292383
3.744567416199009
4.678357902998655
3.7385137565874667
4.819460633340671
5.179142273871712
5.585766098627809
4.770635054743104
4.446211035500962
4.495771375523789
3.7499337946735998
3.816181019806658
3.655372035741964
3.8962418407450663
4.169048656921415
3.7832899666557047
3.6190645115965197
4.953982288858102
3.6381557429144955
3.6449693162450996
4.548366705914468
4.144882457899308
3.8185924248028362
3.9682490124117775
5.055318194199727
5.853517762882355
3.7537266911311495
3.6531745586963873
4.1571479015709265
4.507603818273536
3.887344613396343
3.813543458610235
4.479133358196888
4.705680353226056
3.5847845728488696
3.847970780096785
3.93226461539468
4.0384144844754575
3.83561527639576
4.261388064719491
3.5624776334850177
3.6377515498252695
3.5898885554231326
3.670137297094816
4.673095429296867
4.157920369452609
3.6163346434079324
3.7318959513984233
5.3197469935716075
3.8832480437948336
4.887284936025545
3.7495207215168636
3.749735822430372
3.624626415121338
5.181943012473476
3.9877333487752087
4.116318212751736
3.6588309944379063
3.9494901303704686
3.8099465059955193
5.446715385628424
4.313534027492929
3.8295708781161704
3.960252380319327
3.715085042729837
3.690252737544591
4.510378438426695
3.5878413540368808
4.982661877484373
5.548389959324272
3.5924898150518825
4.237684798165388
5.462437481478359
3.578334311502135
4.3691620397743
3.6181342259342144
5.423509211616039
3.71002471516878
5.252375673911178
3.5895322564751106
4.131519000790145
3.8969275344080305
4.015816306405961
3.649693192923001
5.014059713467767
3.5970492409832784
5.123313981718335
3.7843438958863054
4.790256669787008
4.295914569046664
4.458364274910408
4.747369895423095
3.911193891411898
4.606147736729573
4.419918237404719
5.024772307495595
5.248746373079819
5.433862764530396
5.2247422365462315
3.598582120929707
3.603728286026401
3.668905892088241
5.193560603197932
4.054936152699168
4.028156977843066
4.152624190318862
3.9199369959254904
4.905697800750364
3.5733253478200866
3.7325454962380675
3.978288556632556
4.442651943770125
3.9434481461504665
3.736698173398706
3.80814698725233
3.63766899061456
3.7454193817348758
3.769596526986987
3.9104082229161143
4.006707350373359
5.303473870922218
5.145062961538477
3.8546333151032957
3.60788362071124
3.596094231299485
4.043493581743498
3.6637832792284444
3.815352059061225
3.7393063688199915
6.2366823786350905
4.216513860978086
3.726981703558649
3.675621289699838
4.312898626515568
4.597895551497825
3.822325963008237
4.017243931521921
3.6131818540434355
3.6296045972401605
3.8290746648815595
3.698213800813468
3.8420877487175087
4.04284644268123
3.740411398061521
4.190651507828179
3.7856405702062976
3.634064072324648
4.519874717484019
4.266901068422573
3.742002603643521
5.0196588996273634
3.627114082251098
3.8097318614588715
3.6761829801137087
3.808813605447467
4.144026455413247
4.013900168945678
5.408142484656118
4.555395398274661
3.664525541208363
4.866942468940813
4.158405971360399
5.682364764503436
3.6349633806126045
4.475613809972562
3.816269448352239
3.656673149253251
3.6034911511386403
3.749111583115626
4.136077310508886
3.9938469080214856
3.6904506141106506
3.715289894497714
4.807602355721015
3.682187948942341
4.331276388478672
4.305012562981051
4.651253164896991
3.8816896207885416
3.752065460403955
3.7948605404018396
4.4160170360883235
3.8245714222054175
3.7289308009265154
3.953486158401861
3.7823240935445113
3.7988382305074144
4.175318680084601
3.6411647903603983
3.616435174329137
4.445023965621212
3.821691085732091
3.798261559910305
3.6535368335291016
3.625886849579619
3.5851593225592735
4.313257264709806
4.05169523609637
3.975856725112928
3.7947265736041476
3.9287266049079186
3.6046414189873
4.274793922339135
4.121673059575578
4.244420263602516
3.7342014258336396
5.006710105624022
4.454252856761519
3.5827757299289282
3.59194866886866
3.589998666952921
3.562854479191115
3.564510882982887
3.5642615790919843
3.5754017017288175
3.5699391062623262
5.676035455329657
5.286969792726019
3.6409339804460643
3.839751329801318
3.6418945019849933
3.912799562851858
5.003147965099954
5.401777521205448
3.7621873452475216
4.311661383635472
4.654445533015561
4.154810269019107
4.204045941624748
4.369378503079716
4.259426541422538
3.70322246959062
5.2710232929855865
4.734335604067806
3.7003509733083346
3.8139189093222656
3.8428312931920763
3.851229835014226
3.9399609395500477
4.375848504666036
4.910480799937179
4.081751252332398
4.102240499175509
3.687327305243625
4.281663086106208
3.74032862747997
4.79232091724829
4.2086266688334195
3.678439604396171
3.874097319063163
3.995105564785077
3.651558757440189
3.666323516290041
3.804761906104777
4.055979010913724
3.7842315766022825
4.4150571670902
3.628445950236359
4.904651794951419
4.470867911792828
4.584257579397584
4.353087630587198
3.7082710506124172
5.18682731471881
4.215808221234725
3.583614222954788
3.6123512250606966
6.216203144066723
4.234346355831563
4.649045037229131
3.6744989623961266
3.5803438902629576
3.7385409200957977
4.672464097852016
3.7102037858670447
3.8417637678381933
4.558113774958062
4.018326886344254
4.070972069180079
4.969795379256521
4.583965395008504
3.606122823008323
3.6410431975836524
3.6297667699444323
4.722499830387605
3.865181079347897
3.7649125725767902
4.479114564522547
3.859507529795269
4.198439335758617
4.437014516504208
3.7391589713535494
4.5572864951970535
5.011395463471061
3.7209695672133516
3.918644901827908
3.9418928012046055
3.9823637672292143
4.632914418743057
3.645969074559624
5.210279361043445
4.672672907845999
6.42378868119296
3.919015905608014
3.9811512233776574
3.805035109318645
3.7064646126486274
4.4807738190400785
3.842394470627002
4.887540772385345
3.5800971109013946
3.768291788242758
3.793336378227076
3.678729954513334
3.719462557255569
3.63341136502764
3.650841847149307
4.912975986810264
3.849602260607585
3.791648751253059
4.26446004806992
4.612444892151979
3.618983741847407
4.359028539760751
4.474256119365682
3.858509489857763
5.367446478488832
4.071050150505684
4.362325013663687
3.8003461857204917
4.742811865312845
3.702266088988913
4.069144353451468
4.469462251173021
3.7592419719403605
3.8808248562094567
6.005767298192206
3.5799076663350524
3.6565715966535746
3.692745878328945
3.854569779928208
3.732403042325891
3.6073063079605396
3.8029711443838483
4.142087468041406
4.204050014244938
4.349364776025435
3.906435974852093
3.8721217137709902
3.6866815214351316
3.83236384116295
4.130057935384738
3.674245655354122
3.78532221475705
3.6610736347073973
4.185026056699595
3.95767342716152
4.365011461810141
3.779268728822964
4.8353410866368245
3.60118627478612
3.9094584156506804
3.8925842181573227
3.917878365327767
3.8684161353228315
3.9867301110884794
4.079465694278662
3.652109738931596
3.873927314696953
3.7593324646727626
4.424851338870173
4.253751029820933
3.773812680305525
4.439171262311018
4.384851261378778
4.159729528251285
3.5783109257719192
4.791198213914615
3.6374602082886174
4.160669079991215
3.6895634728238162
4.046046992565884
3.911034891028962
4.369060239898076
4.5489631313897245
3.733593207189526
4.935760390900383
4.2825457881521665
3.7073710434763374
3.640332298029338
3.649890422112338
3.835189574886347
4.206937062031852
3.925593218360749
3.9559220358208265
5.451948085690631
5.096660615676679
3.7691578020449006
4.066113427358032
4.154888650679813
3.793156492407089
3.7493795987742833
3.761854579945611
5.251536491377108
3.5598235482863663
3.561253030376769
3.5625950848506576
3.5586183174405166
5.313472845142769
4.409712789293818
5.942427638481204
3.6119136793425546
3.774719918273078
3.732292801447674
3.622909891000454
4.048250208391227
3.5967607750833817
3.6490225788109836
4.506405746438947
4.153188837551056
5.285840618116518
3.6864133620654838
5.2488605902745755
3.6753013013634974
4.656943320037531
4.354880271585813
3.606180727403654
3.577006107517022
3.576360403993996
3.604754914245238
3.888535703744651
5.204271489728178
3.6416703662457763
3.7743238282643796
3.6636476836778664
3.581857924691239
3.5855836384229027
3.599081060577441
3.5596842771205597
4.397330599832135
3.6573803442851465
4.216089482388133
4.762403131394375
3.829110836778498
3.661159497795814
3.6322902946588504
3.762514513223792
4.001755894040385
3.647530255547648
4.465083687125861
3.791850020876215
4.062000660659383
4.753955001627412
3.7488700590703057
3.6638079632505525
3.6350105286950654
5.779349466576077
4.673293981127867
4.1049392455901605
3.894772067122653
4.000447234810507
3.9578860447254858
3.668395256514145
3.6134333896961746
4.991016552301396
4.594473217949305
4.035367282780227
4.761558409800093
3.7272011158269986
3.842955693367606
3.721762731767287
4.432206219416565
4.407212945908304
4.500395202783421
4.078076907028993
3.820624377672809
4.23784779055287
4.047991160390745
3.788848114145187
4.4342814695878445
4.018697519332971
4.343349665867118
3.7854507444492977
4.13794729908532
3.9787359890045297
4.037139955678023
3.7959781834904818
4.5439483724638166
4.334943136149685
3.8739711556892353
4.0306034913218936
4.19551439362906
3.609665263970586
3.946575977908315
4.5289050581461225
5.335035439419228
4.244485385034148
4.0248735012055805
3.632054134375833
4.143596428096309
4.009476922559988
5.125328490715542
4.4967996712970315
5.007613446185657
4.1684807363929455
3.665995875042554
4.488230546479819
4.646682473864387
3.7802674692857776
3.890810101363595
4.230895376484258
4.018942592417264
4.783301849501989
3.636292533108618
5.252644947400176
3.9799914316337874
4.323606499695278
5.117775917490193
5.132666528304838
4.821014532798187
4.4030043512641415
3.5857688217891734
3.590456622255032
4.494681803181958
3.590749310247745
3.779602110219157
3.8997357329858926
3.991709147791775
4.872583094959449
3.8859605893426945
4.202446128882929
3.6458748723772767
3.660972442325098
4.2173385333337805
3.749456473933027
3.6874391349340745
3.6467851762860533
3.967866674745527
3.8138754726781503
4.110467530050896
3.6850809831368556
3.97141389675752
4.281170883239639
3.9416913092899333
3.9304207606289783
3.591288048717352
3.770409908903222
4.160724382432956
3.7924414384910503
3.871336366371013
3.990054481715608
4.847281130012242
3.912545942170929
3.6695364085562727
4.1393231726252155
3.7357277633243697
6.100210480029792
5.8382220145253445
5.8960983900394766
3.6121660653242387
3.726979917608973
3.7071584765469248
3.5586486121466203
3.570599690518096
3.5571635323139112
4.3160049058145615
4.28234116679906
4.2320050173508195
4.362272246815359
3.635455076252517
4.440320080063005
3.644290323669869
3.6762800520676966
3.6589149860555557
3.5980046731783406
4.342876679514346
5.823157849582207
3.633529391439118
3.7849948577749606
3.809942735758142
4.112866586157658
3.5959186961264127
3.8691926410273503
3.8763524233664066
3.621684990375154
3.674943707311892
5.516230379805672
4.586029584570522
5.085324695354555
3.6579151523297124
4.446142483130629
4.474181369351504
3.7824937431710306
4.248299769963182
3.598153961283146
3.681029658119489
6.164912773486856
5.2952915750937315
5.795388970336358
4.567872705038717
5.056911381704868
3.59639428971982
3.797705456442248
3.869997839241461
3.6084272994830147
3.8793917267004225
4.620795714868117
4.444609224824653
4.047988519111997
3.583536702054095
4.039136638338884
4.173095377299772
3.7001725380084527
4.387928700418016
3.7532525971063952
4.529094274121479
4.086096513609076
4.028317916142365
3.973812036052202
3.6286038648175136
4.634828122068942
4.204344275711441
4.407846974712465
4.251299314514636
4.092290610014511
5.514783142483766
3.584507297493855
3.5916253187586746
3.5971630025547006
5.207044051045699
3.617397121191392
4.524061294231602
3.730231295184062
3.650912151035955
3.5929119679635493
5.295083714654525
4.684459870037672
3.8214168141890044
4.158831654632364
4.4746098185019445
4.38242451005714
3.9699789959764775
4.088915880912257
3.693169588212795
3.6392142570083412
4.625766328266271
3.6476186560723973
3.7026541711479464
4.27727651500118
5.150232299932955
3.630973159420998
3.886036726181217
3.7273915734031178
3.852563259653122
3.8248096632821094
3.6553670271135186
4.139495475593366
3.9447822366338143
4.902040728760713
3.665241793704417
4.167415647691887
4.28860582270657
4.296729901389405
5.087430170393471
3.9540800924062562
3.8638325160664206
3.708564469509664
3.78002387444599
4.09055737841315
5.208648003462926
3.6632061834791045
4.206557932239225
3.757872511161912
4.321719420997542
3.7434472651867026
3.7744871720950797
5.009572250214077
4.686408754134615
4.55231491270072
3.636323797490391
3.5895171008099718
3.5987540001502114
4.519351950067794
3.5752745078326567
3.625883177179187
3.8958118090163856
4.63740038073778
3.610900256645778
4.979552862219849
5.231659183479967
3.9629617030851634
3.742740189653629
3.8322007252478336
3.8524057814926227
3.7186295840222083
3.763038245144344
5.514550082064956
6.117335441459287
3.6188634961576285
3.7417551138645395
3.8759402516970867
4.401192373121027
4.1979729848160465
3.623132292346817
4.275667075157627
3.8090153656181283
4.426866399839497
3.7897381093989995
4.474875564997858
4.003262153373714
4.577253456682455
4.3015293495883355
3.795330039199658
4.070747838854013
3.659618153082957
4.3953263777428875
4.467201906965123
3.8790152651692344
4.0118070993153205
3.9877848618298826
3.6017260581620505
4.427870948327891
3.7793544453761694
4.040566913771197
4.1696496799331495
4.49723119463293
3.840282111019302
3.84279791211226
5.310653125135746
3.9789360285012023
4.0061682647464405
3.8340346707078043
3.6626347545670006
3.847014895262272
3.8163418371331095
4.260643271201974
3.7719178648440277
3.874015573086908
4.036406810134546
4.084642683292363
4.1753426925540635
4.602271625153862
4.162782693813479
4.415278835616457
3.671967903745654
4.0027650002117285
3.8646391985317288
3.8734830300871943
4.551273963022293
3.8384678360405537
4.883970207122793
4.1801866915021275
3.923768667817197
4.32710397131663
3.921365469100354
4.314937559166289
4.20593635123416
5.169108975012865
3.6352977237185673
3.823823710647811
3.6462977825144987
3.6232510261745876
5.154592021489435
3.7116678709587005
4.49446933050664
4.294804281070069
3.6341458682078747
3.76285807372869
4.393262987421207
3.666939629390189
4.506816177063868
3.652783585099775
3.7232087321483487
3.613915147540846
4.06460479673751
3.642793642104286
5.340807309139926
3.599924463150396
4.193366097015845
3.6183047646353903
3.6577774116174324
3.837847438228574
3.682507280438838
3.8239100230076284
4.627984646369122
4.557526855688684
4.150087784392701
4.333547082509333
4.640297320461732
4.299107548870962
3.949799203352733
3.800113593316114
3.788020951047897
3.801711455933406
3.797662116873276
3.9810500411943255
3.5716439237963464
3.597872717379792
3.640023717858598
3.825928833021309
5.5448317629817065
6.491593673753911
4.949883232565006
3.6990519623598814
3.619371940649684
3.8109710502388503
4.105754146703347
3.8643987902834764
4.155089464440376
3.6170617553553353
3.691033524355547
3.918026090581554
3.6620353225579474
3.7608083391129936
3.623695579042553
4.521553494727996
3.62299266027718
3.609050668473319
3.617027537261201
3.5928878453996456
3.653762177279374
4.357390806784161
3.924004497173695
3.838638285360456
3.722868405094941
4.4652134543751405
3.845996299107478
4.083224756363265
3.667286197813878
3.9298548178410826
3.7787717161152194
3.682884899806339
3.621119451578287
5.230775119555007
4.519422550649602
3.683458327749287
4.15470290055683
3.984109018331875
3.7850779628596283
4.259823853060885
3.946381172026217
3.6685286311295844
3.868380980845362
4.006466622134382
3.7961003003123306
4.064982625536214
5.135240881123123
3.950585194388121
3.909962732163329
4.3714632067016685
4.471589361207806
3.628108005882876
4.0931630205594045
4.342569737533038
3.659980237159841
3.6914538984932665
3.9383612043411333
4.178893319979558
3.8253219523842494
3.917064589387784
4.6809540773970975
4.384268572885649
4.388882809103386
4.21781680523646
5.859256621812368
3.720128849304806
3.6656515276071078
4.5767395865683556
3.7480340451687106
4.314892454997641
4.540890722215499
4.198473193855215
4.017685810657867
3.7348596023143976
3.573855407717813
3.5640666844687328
3.5804222554328087
3.593190054691355
3.60471056391907
4.482305436272416
3.647185731894711
4.049392851139201
3.800316199166773
3.572214623542972
4.605579757490565
3.875452997524494
4.31593440727735
3.758437461701102
4.919855700750481
4.919855700750481
3.9872990624715667
4.3510903596453225
4.461554506129014
4.127986933815622
3.6930296675128993
3.7484900072404836
4.50408419405389
4.0657749254079825
3.7615346427516494
4.143977283992737
3.786849260690969
3.5864159572489482
4.999486246499389
3.6152757114553467
5.6483452546882615
3.864575938555035
4.603009782967755
3.8252429425354917
4.064054695942938
3.6161573811627665
3.613395283415101
3.563769357526437
3.586315992411115
3.613792503642402
5.231484956597485
3.9197393234762377
3.7843597790154986
4.090774210496808
3.7023525384765454
4.201976264189547
4.135603258516417
4.306764108718237
3.774012171572659
5.301009221929371
4.13057988744847
3.8155196810910734
3.766234941844671
5.222460897585643
5.2567428098667195
4.8997960501958095
3.633681578030974
5.61863471077675
3.718016748042254
4.632397303032348
3.6369362402133762
3.753112535527625
4.001308549266443
5.530347841694619
5.182342124549882
3.663246681886226
3.625145138604463
4.919546178616618
4.286029232942267
3.7116290544584123
5.1480575527933095
4.239262831581432
4.657838120717386
5.486900906007484
5.335415905888412
4.423506247965083
4.179881386887903
4.590997499770237
5.134584620173397
3.637464521142217
4.795596537658822
3.7314530383745823
4.317077778198391
4.235002183897565
5.559357482262513
4.031489172713255
3.6288073690911413
3.6113338738364833
3.896468823416056
4.078736341376871
4.118546719194282
4.882243749503848
3.7423277270772797
5.447463500922264
3.6342296326493826
3.977289304465816
4.640668008188817
3.912571014714526
4.0681609435773725
4.360207489081035
4.253023155389551
3.751038759215983
4.33109678628662
4.9038671055025675
4.425293891066808
3.8159624661591374
5.421560629262285
5.489766528644724
3.61873805982614
3.7927341368614114
3.8694444192516824
4.190993465666835
3.795310751196708
3.969264590882108
3.7971362052792776
4.095142094807717
3.902568442794388
3.673371780992415
4.561503641553703
4.758229147836687
4.262119120068505
3.9396635918798166
3.6560286946416154
3.7191062246570628
4.169738387218148
4.516896071845343
4.975174000307259
4.925558590475549
3.6092633891039507
5.752920613410349
3.743422643577368
3.690079007196772
5.047612656225585
4.53054321048748
3.63999736144011
4.692900944880889
4.026216381022222
4.757102118764474
3.7964542152724663
3.7423085878081324
3.7525072373330093
4.12729166139768
3.67806432497137
4.121202978065909
4.373874684756731
3.904884226937688
3.9655906285896534
4.9962311731737135
4.2655383566356395
4.710428124614515
3.839584866100817
3.9034900754491337
3.748343594324599
3.9009892530628343
3.884722776782378
3.8140817056128
4.047161546606421
3.6432373973308443
4.281920992261609
4.298378019191355
5.345597125637287
4.526126796301688
4.511947525376319
4.549281712825672
4.890063129760524
3.623584061442938
3.584885095879992
3.5820050165329023
3.57397740237224
3.559711270078327
3.578825975931384
6.052870380917544
5.61520572817944
5.6372481399370304
5.162823839019404
4.142507258947338
4.129065954866565
3.6084050755988804
6.302481834721668
3.7982137597540473
3.7721812875146346
5.062995014161061
4.429793294117788
3.9016203973607255
4.173386628377367
4.012886107940752
6.199749032568766
5.426892073257876
3.6056935319762498
5.874644186721964
3.6230550171799303
3.675698973287011
4.574823892094851
3.7371610017960264
4.904484426354779
3.627477139209252
4.883417689557322
3.662708130877271
5.42928269266886
3.607890862791643
4.824551654191448
5.439446505316947
3.91644627743022
4.108590926924588
4.408162488783069
5.150722823422234
4.413344464913893
3.825153642760979
3.617162486742182
3.5950081685621798
3.731005543979945
4.899437402146288
3.7251367519401706
3.932996472592804
4.441795926366034
3.664828918835952
3.71095600671341
3.6549162093284484
3.7677606007392694
3.825420013042432
4.221151908002001
4.134673932477028
3.790011323293992
3.9390679321831126
3.755140454090623
3.893532291453011
3.684742259543273
4.871448194458474
4.573049287701172
4.527755486477533
5.1084226178468874
3.5586819362139
4.130573984833572
4.643435956684402
4.34258189607389
4.222249699401388
5.226294729357143
4.334522286957217
5.9645762977649195
3.9005161745573362
4.031947772810761
4.0367769904628314
4.708907947190442
4.676384671429866
3.6698718507441006
4.966181240675879
3.921710076329281
3.795806070926742
5.293185646776795
3.6427936222124204
4.101277739159772
4.5058762771354015
3.7870173100077844
3.5981537670849257
4.057677852163278
4.00891503754079
4.317353986255557
4.580754914868461
5.995049563749309
3.6755266799476107
3.6773148237717934
3.7021191697905236
3.812327525873177
3.761842676623038
3.683184398347338
4.419126683889857
4.182292535209634
4.198299110433351
3.9802996780495166
4.970076328654707
5.814192529951128
3.650807888660074
3.8633780107669584
4.197116063186096
3.718108262075386
3.710941881042007
5.816308055369332
3.752321560124543
5.152920657099331
3.787193525469945
3.8758407006032036
4.425251850151625
3.8677893830975427
4.004620709550049
5.130526773812857
3.7694789913208964
4.179202508099767
3.754665598555132
3.906029648501081
4.102349943829283
3.8688799483188703
3.9459414080699573
4.840754245389048
4.984130496828551
3.942157874983441
3.6589233063484863
4.038527816301099
4.221898118994261
4.137291708815809
3.8973630225521925
4.011052398992961
3.967527507430594
3.6338889236729273
5.108017476182023
3.722187873625308
4.104347251798995
3.8685388564193497
3.7897164078517345
3.697004149243427
4.439470648726243
4.749312122220434
4.226322014810435
3.9707201532392373
3.687869244324007
4.0836955034959885
3.9196797264095062
4.087823410022398
3.8396724154995967
3.8207046976839343
4.048407292204318
3.7021900754997965
5.03575782134975
3.641532479809573
4.9493411891491785
4.140400971057842
3.7994959984470293
3.716461160833835
3.716532067552531
4.377675049824395
4.072592334250031
5.875440473393117
4.249681618538489
3.824618160441217
3.8634685514596057
3.602507344534666
5.515490497482675
3.6970770963399975
3.890809730502605
3.638124226782117
4.86221829736295
4.734523818757819
3.995436937035384
4.399132648082351
3.7395964106154778
3.9406427468510055
3.5973366340921276
4.661559001665542
4.9469733022812115
3.598199684823069
3.6708825793490383
3.6613937652089357
4.518679168797456
4.140523743426227
3.9563929914557048
3.6314547792505474
4.223870778265611
3.654058284894348
3.6620048652181056
4.1261214181454005
4.291483021980393
3.639050578593692
4.190936961893373
3.6343721528519657
4.650413907758756
4.193234951960454
3.7849139530936817
3.6427914816593434
3.737382367489035
4.1188506160605
4.483054896827797
4.466168067033319
4.700397853319874
4.700397853319874
3.8210520851065413
4.086088587483765
3.626180261489595
5.530241121549832
3.6826874259300566
3.61713182696115
3.6991236234390286
3.6347952309835687
3.8473371057480383
3.581887750322801
3.6056849506871207
3.9359257480624867
3.665099558281811
3.7344230911992082
4.001207721836657
3.701742822604043
3.580048981153717
3.9933868500557885
4.066364217131855
4.159030320615965
3.6618349941714614
3.7945471108843862
5.012443623694418
3.5951019890801192
4.260770104050099
3.8287342248151592
3.9874045337667425
3.9249624711028384
4.575611529840472
3.8353822025557474
3.833106836285482
3.7318018959260133
3.793486326665318
3.7229453449819143
3.690728392781635
3.656327365589531
4.136138867008195
5.197279629294713
4.141287109828917
4.173794338274476
4.252446025349571
3.810730761839891
3.5938939611336025
3.917176959246091
3.688860557825774
3.7231667138079194
3.613135767670786
4.086047369159014
3.67525978357954
3.8612846654082613
3.8249388469162553
3.9035098877527514
3.8743473052833215
3.854702650842965
3.8741736964463236
3.7645293882728437
3.8761102361775306
4.060395164772263
5.1105596317534125
4.0518312237608765
3.812254563068278
4.8777705706118075
4.406391495643762
3.9637116781866433
4.2345685371699195
3.7099934888088333
3.6868316838246096
4.6602626052975324
3.7679070975918956
4.305165672821216
4.371233676807892
3.953689589702438
5.053926291781935
4.525561500662549
4.30409047481618
4.139463506933877
4.632571321076556
3.5751895328785777
3.5830300026220616
3.5840676066758457
4.992107983594897
3.6971720793311933
3.890593043891932
3.6081640407391076
3.576817254912407
3.6623205520333837
3.6238299689364375
3.5820704465916067
5.148484779247302
4.057984796730219
3.7243508287274816
4.028774729572314
4.426055139075427
3.765218043511943
5.967779314330709
3.885109484566237
4.217703221290041
4.036857776731521
3.839472107491362
3.87671106843391
3.912815369430517
6.128248010424367
3.5974264171816492
3.6262063995781846
3.74074346489862
3.7957877407745104
4.514065920112789
3.6295623153882257
5.316184334747264
5.447058963168367
3.6584804914759173
3.940555826266948
4.634796992243843
4.148432437585493
4.08823881083611
3.8094337903705235
3.9679230391737974
3.7426420014880266
4.393117078514515
4.033633703141226
3.704520093340948
4.059267575534588
3.788252998036401
4.016633327081971
3.841293000895644
5.1925582555394865
3.6601954970878356
5.408813633107334
5.1702256273055385
3.648844602924149
3.96248927332426
4.019804867434665
5.6768814409894235
4.278584686932806
4.209640348589065
3.909802752547398
4.070411741846634
4.727014485154185
4.6518123432525265
3.726110986557822
3.6038785283416144
4.830980382034213
4.953153081552992
4.025524269012157
3.8240331139877966
5.179579797092384
4.9354887987534095
3.6112426648925133
4.760658252779057
4.172763878219801
3.8212097574532495
4.064162024898585
3.7858969138732435
4.137648269053546
3.632189997568537
3.9235222745499283
3.9315150566890633
4.904042021569378
3.6253506386782117
4.302586273150677
4.760300921310716
4.48474966188219
6.285649833754341
3.5593246578768687
3.556289576495808
4.3701276776778855
3.777082810067132
3.759790043118228
5.4169631976743995
3.696231812841095
4.025148008467793
5.316037765503597
3.705911459498294
3.8547386392636627
3.660285411736191
3.9179325218752057
4.860849716996658
4.0069823557723385
4.522704463127853
4.482023651798609
3.9428005875658547
3.7048756181421933
3.6987250178976647
3.817633815931247
5.17904466227483
3.7388628111921243
4.051741574098177
4.284848874215337
3.712398709370138
4.408389575316267
3.803826376911828
4.379224701680252
3.988887201490088
4.76337297775976
3.6693192475172904
6.324910289909021
3.688393363360689
3.7928908659000653
4.415597793505473
3.9292268559010504
4.722195315416619
3.6344592269351157
4.336132661198831
3.698979336800938
4.914582710513786
3.7976137336244404
4.682049382518597
3.9438750004822927
3.9368646982068647
3.8777873827399056
3.8321732985930796
5.030690921152614
3.7403080912536755
3.719653232942391
3.8286025814118334
3.6712153820042577
3.7644337940496717
3.6273673817985133
4.932112585083839
3.630373996825501
3.75708979978692
4.829252963042997
4.283549286834604
3.660049681839298
3.5796719314959144
4.648058820220456
3.665419487703313
3.600472631514919
3.60948601666393
3.603459426061102
3.6007592952441883
3.8227935836611926
3.6326569328491907
4.520796842871782
5.280641201338428
3.5983958662227815
3.7042720315239337
3.592296718700382
3.5899809904794013
3.5905859861836458
4.348403830562141
3.667631517786099
3.6372687328183666
4.3080477134203266
3.952209234214286
4.714515606305327
3.8048819993095395
4.179686560729954
4.618502541160369
4.277450905983646
3.8949223039117102
3.893974765973148
4.819022144383859
4.6195252712773565
3.6198057469580194
3.61603587862007
3.700081752213925
4.180667899982019
4.730057264781529
3.9706595520117784
3.7115130102157643
4.219783139898407
4.2370096051420365
3.8630674112272914
3.609533099088448
4.150854565332249
4.46776981943321
3.8948513769951973
3.7692292071355533
3.6993986905874414
5.228843590047538
3.9891801588077036
4.43707548828306
3.58363567331371
3.5753947957009027
3.5961824450970856
5.248441573619186
6.534490237539119
4.550312832313207
3.656239453955652
3.6311652146797417
3.5977272499243105
3.5915474385699033
3.6531176302521566
3.586280050077521
3.5832945899873594
3.667362596124012
3.7992663972650864
3.837731232717688
4.038508028669252
3.5666128405282373
3.630606885899871
3.61006047892117
3.7122187155824573
3.6761095160183035
4.750495543873846
3.7699933528316802
3.7052519823237473
4.262763686192761
3.696963100927423
4.330946270445629
4.151743301971892
3.8791059331703335
4.000715583814635
4.299001798042836
4.154955619647844
3.6936380642001136
3.606085052342695
3.7244086055441077
4.364549008116055
3.696833321887445
4.0530962805314585
5.724785235683496
3.6139152101040244
3.6223068498840703
5.375955415819376
3.7858140784485856
3.6816421088206166
4.120495062374529
4.133628548804625
3.609578223613501
4.922458837935126
3.596219482546024
4.556586983908327
3.8627402685318586
3.626017204845726
3.7258760681316
5.381660979661787
3.927481918223612
4.502113003217961
4.632943517576431
4.027303628001106
5.074899169336512
3.751046549705388
3.988169287822936
4.098273486546644
4.595379568346477
5.066220394223723
3.6850049780026395
3.6773414141038776
4.567903185101026
4.0947180598301465
3.566044350079096
3.563855102319065
3.578335596936827
3.5726230487112756
5.283499642978656
5.398132520513885
5.8847039874797265
3.6768780839885307
3.7955335996681794
3.7386090159295353
3.7730807165358784
3.9242486062130135
4.189598800168851
3.9536193144967258
4.481649111893342
3.719720325797803
4.10035503589328
3.9113746496072603
3.7998642546511068
4.086241156228673
4.838991651503432
3.7889889513815733
4.645181608859698
4.82582436057157
3.5860210682332685
3.723619243047654
3.8310204363224054
3.5834097364325386
4.403696567329462
3.952249579805215
3.8121577183931397
4.315707411616171
4.218629373484447
4.6540587609366755
3.7564409825644156
4.96698866237941
4.425689895754495
3.5621032432887945
3.616347341719181
3.6898826212760927
3.6901304843146154
3.7366528035930857
3.8615689795821
3.6315789211718035
3.66907432141084
3.739127653523498
3.8009561381982655
3.9247507853340133
5.483320664973015
3.6803715540643753
3.656887450152806
3.9230297012371063
5.07421411471532
5.199778415756008
3.907936680001898
3.6928339998443214
3.766961075785928
4.101225949902652
4.037633326236512
4.1268500641742465
3.8596633022931255
3.7170395850995637
3.626254337250706
4.73005052397341
3.6915447562220502
3.6355878812254763
3.9831885692610003
3.7073868786378767
4.006719544914819
4.632320122718111
3.646405221031271
4.515015479418732
3.6631662997385397
4.647216947990569
3.752362127470394
4.079615217202786
3.787708638061473
3.954677104255704
4.394189384467654
4.20617859770389
3.5641783824084574
3.563114140007409
3.56010976441557
4.240619433153784
3.866419008910103
3.6534629878481057
4.533183213169801
4.4578291768392635
5.292880889384184
4.597021864876048
3.6979699268296966
3.7278618008253135
5.116642213131841
3.685697747317062
3.7626127498337625
4.063735790377774
3.760282622365308
5.26594104151422
5.793997795995338
4.275397164904163
4.292069400266269
4.230089434409684
4.569901699043366
3.6673534710712206
3.6373021924981876
4.725771373595257
4.822143318523208
4.46900841532182
3.673830297193051
3.686430854837524
3.651564990949266
3.840980064531641
3.572946618337915
4.1652931982507075
3.913437305027322
4.55083779943402
4.0429130932963195
3.96834103713412
4.181667272349902
3.6334428845187348
4.0459501501574335
4.500787200094867
3.5802415997333346
3.8023981628320973
4.249230028278739
3.953575472347801
3.621051590976921
4.57180961909537
3.6718703090583746
5.412308525510616
3.8027427695607807
3.63927718986863
3.7830124620644834
3.923458572022809
3.7825695339616234
3.592470568642473
3.613937874524389
3.5884981209917273
4.478507313763824
3.782999892373856
4.859810814728052
3.6849075322672156
3.6599701999806364
3.9588478161397846
3.5914484380034764
4.216330201487727
4.068931687051447
3.7642388025697957
3.924854737803222
3.772353007407144
3.9175936923133152
4.273739841607983
4.72705028922728
4.276307694007774
4.275374593842561
4.546082766099352
4.269701590437566
4.117490007269925
4.025775844596729
4.174086220382897
3.778339056288769
4.013147430061329
3.711443044274901
3.654335873882542
6.039101688032326
3.566470335459243
3.557616625151352
5.54070952760735
3.602287301964193
3.61988523402524
3.654375587142188
3.6680496044223316
3.730516966013606
4.143906417865372
4.928459159739757
3.767351444390197
4.278864494875279
3.7203419770992436
4.414944572781006
4.077809778596295
4.37617688973385
3.755971574984778
4.23965165550325
3.7544557899395765
3.614026210626373
5.504920840070373
3.6451645291773316
3.848164500034795
4.583151321018752
3.8083772580227997
3.777448300833484
3.8340947506322296
3.725301962427975
4.217988841239956
3.7315682688767167
3.7952266026027566
5.24205565316908
3.693771435559934
4.512253947612101
3.86374224616312
4.115304405841609
3.8175354524033165
5.148227401486698
3.8535121464618562
3.717094021244677
4.647605668722749
3.827402896769628
3.989543142946204
4.354862516740591
3.8615265046666787
3.6829156932137894
3.88216678783758
4.222289213621099
4.972624686419981
3.6513943024319726
3.67898754676288
3.6591984673573807
4.946418709757184
3.624104226186897
3.5996400557275674
3.9533972195736546
3.7669452936747616
5.488499344760915
3.6952071725720397
3.5612845959570065
3.5645602518841617
3.568229356682487
3.567454407660462
4.186626080059337
3.689770513073932
3.6248697137109103
3.6717876701535417
3.8221758182859653
3.62622685180884
3.6893845193518793
4.02662086561345
3.7077038856563322
3.8712646421567127
3.7963865382185054
3.878474807073937
4.359995027236157
3.644592196359026
4.323739680028562
4.289118570968689
3.6353330475443504
3.6388740264694106
3.5982530794128063
4.280780917528501
4.041096906770072
4.137719505917631
4.287448175984226
3.8550707462323093
3.9489352698105
4.504456072123496
3.870686740721419
3.6771003713002206
3.756388310731358
4.829650489343405
4.047146590848304
4.910341084138711
3.8796551302574422
3.6273433366643744
4.401573681596717
3.8606452294172957
4.672301711339174
4.029573959166531
3.794904888730949
4.166604300801604
4.414861165547083
4.306242386687378
4.645041500083638
3.6001742224315167
3.622275369193633
4.189960261592684
3.7807812311168156
3.814265961997755
4.367250038752408
3.7574539923271244
4.1859210186215
3.6955915315189243
4.185741319448231
4.57637368914054
4.992157973082884
3.9489320301931254
3.7714536741642037
3.748898016269068
3.6303315902939586
3.775350994260592
4.134849268981538
4.3586896719871735
3.610801769644309
3.8059446657134908
4.461424545894161
4.271342935804494
3.6994997360038115
3.7762898034909047
3.6720083536801895
3.6823597557660857
3.6168092678052997
4.912270575867319
4.337297097406723
3.8525519292539965
3.6761023572959983
3.839830929238633
3.702903445350164
3.8124606185239127
3.7879389777789876
4.0425294687690645
4.145643391663809
4.61910520694641
4.043502945032224
3.861911257780453
3.833231215193561
4.835974239275406
4.9533936599855535
4.580733836408813
4.421979572957959
4.122179671019325
5.086630217876621
3.8039999875999815
3.881808756411326
5.995153605947178
5.09268291029728
3.6018597624090054
4.783207860793702
4.208790238502417
5.100720483609669
4.167282003069933
3.801175905037181
3.753960320711217
4.018240089476531
3.7553650085900054
5.248644582951405
5.229703224091729
5.652337485675087
3.753260951811221
3.696366450361941
4.202681031856799
4.101960221333263
3.9000434595143547
4.2324906543953045
3.590628472782209
4.675558186677063
4.914829118271534
3.7299191425281917
4.222737619896208
3.764160731487438
4.18762343745373
3.8875521322134254
4.450671066788971
4.14089304920369
3.73542019441345
3.9906456767758898
3.736484464172091
4.655017344535951
4.249776923470076
3.8690605611368243
5.210084743348089
3.754978469845041
4.38134985310801
3.694137666024147
4.200561602316661
3.7367871520836804
4.885497509276544
3.6284538147984717
4.8874646439097305
3.707200583201834
4.743881306749516
3.838443873764503
3.855073346201591
3.978300253203539
5.073250298280972
4.0588169325191386
4.537879707846695
4.061805320464831
4.377658876356781
3.99581242355362
4.004260812468246
3.9709779339980225
4.072728243579493
3.918746965781747
4.212063315897343
4.037166318106793
4.528402684675771
4.039091393667447
3.8735648764499393
3.7126231596710166
4.00819721214201
3.8320078994037585
3.917356778872005
3.8741409159624123
3.9519533750639755
4.116549035094449
3.6669929073138867
3.648378662831931
3.69653430766764
3.8343279770391585
5.997795962383161
5.48258241318884
3.6052510120428356
3.9175368276202427
3.701436532858073
3.6034323857191337
4.999309878180574
5.105883899696122
3.593980248892786
3.6047203095207694
4.309242605171979
4.359006481863683
3.9162824689905826
4.6773548013085335
3.797868204568254
4.174384973767982
3.941352980563962
3.862879443333518
3.714782527667978
4.141477993514492
4.155364215887841
3.9699214255480255
4.797290881657033
3.6924263065747676
4.050321738288439
4.446248333536115
4.096817635303503
4.617701506160401
4.04304022489383
5.363557412038221
4.7903914257978935
4.632128150569702
3.889807911518103
3.6287375927597103
5.012041861372183
3.6136758630374137
5.850602281357287
3.600689653580428
5.3994398366935
3.760361225708987
5.202213014883553
4.325767841444136
3.7721340153573975
3.6107139785466886
3.7199490205811125
3.8357499845555174
3.837600331934124
4.336481837185225
3.880274234313041
3.6996515255114817
3.585647801892854
3.5908730863150344
3.907735309829081
3.758212507247803
3.5620881077032753
3.7854407911520633
3.7473952881206696
3.596251289627137
3.965561033913698
3.6621563173904934
3.7599403278219947
3.603588257086336
4.65770311483818
3.6023061028852768
4.889431330838276
3.619845006857882
3.6056748676674686
5.309274985570797
3.9083617816845364
3.7838074663841517
3.660186206960998
3.932849776973472
3.7895162311701758
3.9619322952517826
4.839209573126478
3.7916677476564016
3.97368288031101
4.3062921767116515
3.9852212558994258
3.7209130822668253
5.284141198755922
3.5972334790600415
3.8357355800290125
3.6784216802455036
4.964935925065744
4.356861310710634
4.660169522327219
4.1713164438597605
3.7582575476649387
4.025437871843872
3.6776651876263586
4.162543017851462
3.654657763499749
4.068392211743685
3.9923584667793297
3.640361206981739
3.6120112103367346
3.893323017612603
3.923858122619322
3.8848942013272953
3.692341072276416
3.6803534113775753
4.369415650854768
3.652027180057045
3.668207113862674
4.380847918967701
3.811527158047431
3.965635551809
3.743975076568434
4.161235897108998
5.03989685122378
3.7773605634976644
3.5996678572003082
4.117865221956407
3.6155928621078917
3.8310215223116484
4.057850549997262
3.6383278071751084
3.6291996467045813
3.632834322497463
4.554203648320719
3.9075964987765675
3.6127304728107577
4.634268597656367
5.288888017867456
4.668827899760535
3.6483004358765805
4.686963124711019
3.7856181413148593
4.531586992717782
4.39072827690883
4.018152139610242
4.094063536084861
3.698447007466099
4.888874059011313
5.424578660130138
4.612307968750276
4.803314080318944
4.695176949374457
3.634857450474561
3.679810384735301
3.6208436309971708
3.7603226926800515
3.588363767008784
3.585440271763206
3.790910144207097
4.396378526391789
4.108065293089519
3.7240823669614977
3.7302620496460195
4.510806141371361
3.7146685355009152
3.6336728068902984
4.442194737947103
3.76127522987494
3.7129972510183897
3.6954721524166025
4.317535792595251
3.764529105015513
4.157939534034051
4.1955288137179245
4.9796268396399075
3.6880205672082793
4.624578418726859
3.5887630015564063
4.264301317645011
3.937955549747744
3.6014232815374863
6.0154155150499715
5.332427017966592
4.59247159797079
3.8995669490847997
4.231570931989634
3.6370436829064663
5.054997276441359
4.757943011152742
3.6498657703774553
3.660739004121492
4.178643944216411
4.123901851375746
3.6188215792043654
4.862561865251587
4.146963895495807
4.631675256202227
4.799038030011859
3.7314528171704087
4.204219274043975
3.9334094630289704
3.694007071222435
3.6870703660774975
3.6830700294280367
4.0915539060039094
5.048819108082094
3.848831745599279
3.9930600994421144
4.02482225175297
3.7414125376411467
3.8533748689946616
4.041858923420288
4.159496655995424
4.098377889483583
3.815535495562269
4.343962492685473
3.7496614003800643
3.750149280963771
3.6306812359879292
3.762791172241562
3.6093309530342195
3.65939375434452
3.9105965387047066
4.742094805312442
3.9454976609911045
3.6944681669139436
3.959135378413254
3.5768358546217875
3.7713763465906585
3.576078967469277
3.869990566788312
3.639472150027564
4.1700001531809825
3.8010611760865114
3.8279758424035686
4.034659163025458
4.284852379249864
4.234393623327253
4.1805286200042096
4.764613110131023
3.60691783497555
3.7314548587346326
3.817511119809876
3.781065944945464
3.7230563571310684
3.6550276445235053
3.607368598159239
4.124871006093232
3.922898199582731
3.836466669237862
4.1035237477005975
3.7913925408529225
3.6172696749142523
5.317928974101045
4.199389975787833
4.785746501475687
5.014775065801793
4.699365121440953
3.7700641947144096
3.626859000245938
3.8922225761749987
3.9159724664624957
4.209446828335004
3.8145025302479323
4.652852847135552
3.664211598116736
3.5835970238258374
3.923509506049372
3.8251953449259837
4.201837468035647
3.6677781260845825
3.5951700926512467
3.847969734276552
3.686344603624891
4.415399996302137
4.173884669512281
5.620330237930249
3.922700815882491
4.454962341860289
4.727027759892888
4.930136869254821
3.575728963727582
3.7844379642466284
3.6741941267373646
4.811006647626543
4.251942419398069
3.771517732369351
3.6980191635556263
4.5026611575347015
3.822625685444499
3.7464537428602287
3.8852776263754603
4.2943103086859065
4.235751168016097
3.6396629520408217
4.666819235939988
3.809861734240015
4.356354122692393
4.067289580622571
4.136804664096465
4.040622441085201
4.308232763527586
3.8557400457185986
4.453361749357356
3.693111448486585
3.800660884612216
4.106894185943676
5.232337912428808
4.75949173818687
3.6948069491372215
3.6933347288528147
3.8414494711612552
4.193018935195788
3.9321293840049583
3.8642593883686445
3.93767539904988
3.840895411585615
4.242817318068002
4.244206033416099
3.6532602747177605
3.6614078680806927
5.667343969269767
3.624562153617313
5.768689934411934
3.60418249612695
4.694125651830204
3.6428082479295876
3.9706795996243196
4.202359055527917
3.7480230240871784
3.8518965320514784
3.872608260221624
3.589745979658121
3.566012777927791
4.628585449934839
4.297024471847683
4.242840101532942
4.131111299078157
4.103988686132753
3.890538275714822
4.429699224699957
4.166093566010848
3.8196653222612964
3.686091123858329
3.766815333346204
3.906702727189859
3.6021312219111676
3.803593806773096
3.932527402002958
3.7321547449978096
4.51244437634559
5.89182924541098
4.579426575192038
3.994540381524567
3.9294635764736237
3.6026817585815967
3.5843943435805863
3.575732726072656
4.038157498083713
4.20199643502411
4.145838058028359
3.7129791548635565
4.543327759208977
4.056913205391874
5.714452982657405
3.830999013926252
3.691402838063285
3.62212678354836
5.435306212681364
4.139353804954079
4.438643260118277
3.6191000187795304
4.109177442283739
3.6653894352229424
3.660443757090042
3.586550099565614
3.723717265495104
4.126968482819315
4.858146110306014
4.097648293109737
3.912855136483936
3.79569558473514
4.842072709613397
4.763722230042523
3.7362950176617273
4.0645963774436495
3.8860136114315855
4.185643374705881
5.540943435466066
4.87532286811257
3.6169782703725613
3.8857603923651056
3.81974112686553
4.147094916259623
4.277548470044246
3.8912986819382303
4.920966106298129
4.1631528452992335
3.6591353838592267
3.641784733973002
3.619215559909499
3.6484796578756513
3.9742004699175086
3.591582754975704
3.580111194560457
4.506538024872764
4.700857158769379
3.9156050610822843
4.448457218038931
3.978772491950751
3.7131769446369387
3.8402770419838355
4.898638198301281
3.7478396008912127
4.335899098624076
4.201007150028863
4.180153272191248
3.7414654121354554
3.6133594901790467
3.6684586241607104
3.8382541617206813
3.906871968362565
3.9439490824174155
3.6767506589554677
3.7773507749185464
3.9803839619259556
4.576498969838908
3.9389099471827302
4.330314089933184
3.8473289620619746
3.8257613764697402
3.7594751933957444
3.999348944136766
4.5467922922579325
3.731428349695464
3.76264464911895
4.072932141711833
4.184533127610484
3.937399201455672
3.88366048337513
5.029402360044245
3.6892511769958825
4.728630777604493
4.199331893688379
3.7160369389833328
3.6232598750550995
3.799493932417157
3.8622841383666597
3.9305412132564284
3.900842226834679
4.241387602789398
4.178287507109477
3.5659680963274676
3.637250283920892
4.703245175479509
3.725543894806806
4.198119294701083
4.247115114796266
3.609887953009671
5.106232542993146
4.107641657254853
4.449518223078944
3.798135379135267
4.348210911299238
3.781285005784068
4.7726991289008245
4.6752618262549
3.758410780985385
3.759934751759734
4.012604685487216
4.4388682227573355
4.569702694434074
3.6203736189050115
3.5819645535462072
5.261535915828406
4.390401302714841
4.568239541791979
3.8180168876467433
3.7656463743352875
4.144781615510663
4.267584382902831
4.87923023345242
3.7151411106848427
3.78823029587385
3.897729777125173
4.718792587391608
4.09863021465773
3.7064245944728578
3.9957945928693555
3.8690574030589273
3.762961680527643
4.165850350448258
3.8914137777249187
3.8493547520960973
3.820980458760151
4.8043363201012586
5.026872166039903
4.650845793437634
3.5803199495996134
3.7482457376094174
3.796425431888272
3.7988056182584953
3.799461612588372
3.870231308415544
3.929492216877713
4.298803420178663
4.025262158450031
3.7176315333765984
3.73507314264482
4.315795394856117
3.604962181882883
4.846788632817564
4.946366229476929
4.773998708409603
4.732839730453741
4.27693574561967
3.783687697328193
4.152532766896142
5.394854657863823
3.6216176809876774
4.7179109439716616
3.5659015687665625
3.5637855291114957
3.6481928150348253
3.926382803046602
3.9387214207088945
3.6315345575775053
3.8677275314668984
4.246209787728251
4.053941281334905
3.660231781260747
4.512215905219736
3.855740463539295
4.201439662680426
5.09903027813321
4.850770128293489
4.228019845500467
3.9690394282228247
4.00454447341286
4.072757875795329
4.666965208208379
4.174696060504604
4.571387179546154
3.8317686304237633
3.7869645619908163
3.7826821623649365
4.253079068204132
4.005097466626844
4.104567319201541
4.605705808603906
3.7010937822446017
4.634638929703312
3.7383840876043535
3.8840284793956803
3.6582203307977696
3.8896702714244658
3.8177697369638404
3.730279950498
3.630052225998122
3.6221199233594876
3.5940503203195746
5.317786355510114
3.7986393157894423
4.7480927563306325
4.762927653910748
5.017625530955995
4.3866124287893555
4.1805706598818295
4.16159712339905
3.7510598481301063
4.623062421178869
3.6725037495728845
5.609738708419193
4.051556570095124
5.256156496824222
4.045316340294837
4.219063585817165
3.919779472965109
4.482471237149837
3.6918235939624457
4.896311239762385
3.717197775830081
3.955013597198461
3.5863155273288543
3.6379237172475882
3.6373039263817986
3.6129329852010756
4.021321533665466
4.245338430372159
3.8118351437801126
5.500701837328
3.727978375071644
3.9939781644560592
4.26302595198604
4.173767103863079
3.709214890576753
3.820747706137498
4.968594742373974
3.6484504332858476
4.636775682872342
3.6980885763294467
4.4668217153574865
3.6405727044240055
4.934981224699895
3.633060486810999
4.9980930258244625
4.0612746722157045
3.653253912833843
3.644175929672015
5.008589491156127
5.102814822278763
5.293790598585259
3.7168620134597683
4.940339189703485
4.6920358471220664
4.02148511357333
4.2146691689320335
4.157303114287982
4.017901420813573
4.316683196263093
4.1066598340435885
3.7227427541823426
3.900898819204512
4.159521414754443
3.905514417384516
4.974857866599648
3.769859558710176
4.1494236242498514
4.221509675784623
4.003720694848644
3.691638501772423
3.755430755219793
3.6891254286409474
4.64168685659974
4.297475484023756
3.6252962058967877
4.965222957588613
3.6370893100554293
3.972627945714066
4.490030965269517
3.7094752421665453
4.001949963157077
4.211292748169378
4.1016752542517905
3.7895402519272645
3.984899967545508
4.859843963792896
3.6316200572882407
4.797525440068462
3.58556561191451
3.658964520435466
5.797780848187427
4.434282741850392
3.7916982740216327
4.286134895204858
5.308321359579326
3.7338558889184066
4.618990507746521
4.281079750820761
4.401954761900415
3.797060749040496
4.113465730877205
3.721335791806398
3.7242203774133262
3.9049079704065517
3.910653316995897
4.1627431748893695
3.7212272804776405
4.916626751177917
5.389143601935626
5.533601956766597
4.31863671281102
3.666417124513602
3.6948589618666285
4.759126094287218
3.6718427775625306
3.640511086940417
3.946642244206649
3.7220564602694957
3.6234010054305643
4.229645040027978
3.761912011548073
3.9715479629893102
4.18382946651329
5.728559444254209
3.72294227959755
4.646530537528668
4.598209457694641
3.692212218616267
4.958839967044366
5.193525618565641
4.64982601222049
3.6970883928187694
4.844532368957694
3.9780965139030906
3.5707485910667494
3.5751144390839804
3.624151465356028
5.270436312027246
3.5692250181898855
3.5648681302467637
3.576475066837867
3.5698240561738412
5.41145975132537
4.606987149525031
3.8829543619546767
4.040953670484856
3.678468680025395
3.6774001309638438
3.8769453816825683
3.7953701965006967
4.325082788008453
3.7577850040983045
3.6382132617881067
3.809066145199413
3.838911653703497
4.49830985636132
3.756108693408537
3.7518403308926263
4.354489988991169
3.630741880360296
4.647907950364488
4.081210580711275
5.019184786551821
4.478759665220697
3.6446614335568803
3.933403975248833
3.657131537230973
3.6411565530733556
3.663308452270808
4.619234585495469
3.84759067636269
3.6795979141516337
3.6667920479152007
3.611522911094602
4.918168944287922
3.9791649624965455
3.9779519054398396
3.8409027586645093
4.373653518543047
3.6365178892079664
4.110405254289468
4.003052083842618
4.233610169194971
5.324127996300587
3.713391670199622
5.385676577869424
4.151925534328414
4.00894187295582
3.8586842810349715
3.758066325125059
4.504544099159618
3.6318863812178495
5.473120640888795
4.543960462757587
3.663244297880557
3.7077103507029396
4.815325938493074
5.133801913328096
4.6020712316947145
3.63271417004573
3.586764709760585
3.6847045875512787
3.668183909156567
3.715201427147978
3.8133940080071245
4.167626451024926
4.088089606988921
3.715176804917549
3.810979614170204
4.011687499934975
3.776003997293368
3.9326767962729967
3.867995176808969
3.8967853421548626
5.758282285812641
3.7341564534476728
4.802447359246526
3.8970546980120453
4.439858593044932
4.051039159808642
3.801747148241623
3.586833690700164
3.819664729907582
3.857840534820802
3.813739784770223
4.361805354114843
3.7293800702575557
4.072616020431233
3.694898437689333
4.308117779411492
4.347232364954344
4.062574714073037
4.70407773669181
3.893065284516728
3.7520320747867877
3.810819185965161
3.7212102631949286
3.7893954130158143
4.597287167314165
4.046763469444355
4.624981513673457
4.87938210046663
3.5721964816027234
6.206977008833604
3.7479863650267102
3.6514690655685444
3.5750715678627074
3.577885796288209
3.5803156124531883
3.6303213774678125
3.641069693006855
3.570057401002745
5.012930521138415
3.7366499719738178
4.109861394701153
4.504340238570698
3.9043341871836916
4.344984650622626
4.469807804519023
3.6394962818136505
3.6329174314414767
5.319688795237418
3.594928091813193
3.6789519370125907
3.7961805406032085
3.5794321155154933
5.499718668757517
3.747849062179063
3.598292474441858
3.623663991792928
4.455579109616913
4.114387641454459
4.257492860966637
5.082032559081917
3.726055889680721
4.4489442375556285
4.396729401700658
3.931943720692739
3.9513405526381544
4.050273285727409
3.5926963070798603
3.7463015270026268
4.431883717753914
3.9028461081955097
4.080371701681859
4.46301807432341
3.617536268726305
3.5836824823920335
4.8598827510352995
3.72068856911499
4.532127476194615
4.247195626840922
4.126531119016077
4.408059055313245
5.228342592414224
3.6534624140427434
5.031465665706744
5.261839279224661
3.6985036521102326
4.297865358402587
4.113297145150557
4.1334730650794995
3.8570882494168286
3.656167251894731
5.126743487308886
4.017252419081471
4.378701735290576
3.809550886402744
3.6531938070436123
3.77609660818164
4.0692418412264315
3.788308967384866
3.9123734228698424
3.564019332045852
3.594236176263454
4.5492697644434354
3.8144013878174956
3.5933603791374336
3.680220770903523
3.7576594493814746
3.9309682843353855
4.906431889748082
3.6638863945616538
3.5863996070105073
3.8197806547731643
4.077907895608391
4.952894030331111
4.763355717193603
4.7748894866282345
4.14055192538915
4.084748468327775
3.93335036169125
4.1611914297750054
3.938652999774928
4.479223785114931
3.7671378785824574
3.764627303827737
3.7374324409807858
3.685131390370097
4.487526685100298
3.635195269264745
3.6925594326434172
3.6560902168922684
3.8994721042300453
4.465385129565998
4.512965940029143
4.451360016492452
3.9648388807825707
5.520935779385608
4.970630470783775
3.828003089400569
3.6556486783998947
3.8300675821674157
3.610774746567275
3.912978599281291
3.7376583974936612
4.372683362291756
3.996507153034118
4.594443133308458
3.900774018257182
3.7275380819932558
3.7619839268982855
4.763403468864793
5.255066363159033
3.764364643706264
3.775539323774046
3.7305140597132995
3.9928882310732114
3.8289625877736917
4.0289014425023275
3.72435991777112
3.5769650039516843
3.6473973918614235
3.726776006252534
4.206462899853804
4.0389810882131485
4.293763068635819
3.8046663577491824
5.869772516111501
4.024384286426495
4.945197087770506
3.603486045794486
3.7456655552155698
3.8137649313195316
4.107460179656782
4.652706267693032
3.7730125517143493
3.597482879248279
3.6692752151325765
3.6970231360001664
5.280658074316585
5.143951978326843
3.6695466195102338
4.371334509552614
3.65131178718442
4.49194584255743
3.9637400130531484
3.761784873052891
3.723694631093723
3.9131087642447264
5.1919969897900735
3.8656357735866322
3.593809193216377
3.6340837108124955
3.711326189518404
3.8932717192370947
4.906092586054855
5.448389656854072
3.5873702482943086
5.563229668219211
3.609370512065166
4.313326866879412
4.002636963180409
4.094052447894604
5.359591707784903
3.565327176704883
3.7472483010613518
4.230713360638666
3.7759941588445365
3.6780251893181344
3.69135146175738
3.7090787186900496
4.330066756331442
3.8061661392166233
3.6967210319019883
3.71928670418505
5.737880540106647
3.91650988672498
3.8968844835480323
3.730624289900568
4.482549146044253
3.765483275150082
3.6743034016790297
4.898342457266208
3.775006225020673
3.6931761490357884
3.714380482861692
4.238288161601417
3.9422807024118387
3.9895328910269114
3.8328890106261415
3.6609406263824544
3.754222475134299
4.449423619902752
4.199709354424799
3.7054579743835703
3.608769109222064
3.604579805090609
3.6258404182017476
4.571349920380817
3.6861358383599234
3.5605902753251826
3.556537600118845
5.895926302763756
3.602802544777766
5.650628154080321
3.996247825738637
6.332569318755824
6.664501370372138
3.806592345690263
4.0750296422641386
3.9856191706697675
5.856043687307601
3.5796452552129496
3.6388813776911793
3.6090597837875467
4.224198334789207
4.016558855148141
3.839447538201384
3.898791498019545
3.6069876073781613
5.033890625108837
3.7128258209102794
4.5592957469551125
4.114219614911758
3.603061545147551
3.601773384674596
3.596959815364839
3.6893871564962466
3.683889797564305
4.1949022196900545
5.303194284117116
4.11340195962255
4.090991950464201
3.5985258837102716
3.633447648792623
3.593273997264226
3.9867551636485303
3.6623110514867854
4.66653185724675
3.594773806737274
3.587814393897303
4.73155426910464
3.601674306086097
3.7646570224928197
4.811690804623362
3.935436720448976
3.691935033848488
4.582057119371236
4.109526668098141
3.802807979413031
4.8110265479806875
3.733010150243008
4.8095432275442604
4.9706172411651535
5.5850608458916025
3.672275891797345
4.925881100915995
3.9252260020971432
4.282939812653032
4.541799066346999
3.6854390443119334
3.574828360525341
5.220518773268687
3.5948837637802624
3.74616326859101
4.143713083363462
3.6233786695745893
3.659443320417636
3.6300758839827933
4.203973916163234
4.544796895348062
4.470300640306311
4.207118085699437
3.6972651005091466
4.2168522555282655
3.9693814868685955
3.9350066404206583
3.7897823617278763
4.575425893597533
3.6445105701761356
3.7209522227155567
4.274455901531326
3.689206285538312
3.619965694358907
5.078801011328363
3.7487552923389296
4.7827539859465205
3.5910536245522993
3.675376074272578
3.6977991616508916
3.9953011321497636
3.740632395343904
3.732127874823639
4.726328969615227
3.9356303423672423
4.043713508032529
3.6978871712150863
3.754853963614315
3.774066060362255
4.807494836377208
4.977413429192978
3.758450985241065
4.607154483389658
3.627797787101634
3.6409788751109766
3.6798711174607845
3.899850578929961
3.9422610668593503
5.848482852927406
3.6473342992356947
4.952763057789717
3.876180581894774
4.394309148263214
4.098380589060691
4.016537753071324
3.6470789471762073
3.673633982397929
3.5899791470532607
3.5913425317901684
3.621681372204954
3.644002350713849
3.5866549389770723
3.597875467506005
3.7511552699684905
4.628562773127998
4.365325849121681
3.8206323982863513
4.56884785805324
4.780075775122766
3.5824139768838066
3.6859147776929273
3.589334141001024
3.652736055854238
4.6990076107642675
4.649126276375387
5.154002849984844
3.653998229908157
4.877317320604339
3.6724791721359695
3.6910567385110378
4.055889061319322
3.9599594075461386
4.071051522974871
4.985311826807592
4.749956994041116
3.7176024721815364
3.657065954667954
4.565519582908121
4.241101308220626
4.042884940543808
3.9984419708588494
4.024310937765843
3.9113162018674896
4.150091540100398
4.207560640099313
3.83027106399479
4.753453991831683
3.6832118643961893
4.383373421957202
3.6349392564902634
4.372257282805255
3.943211154155855
4.132723452994517
4.225521739514673
5.567006351435275
3.5970047596224157
3.6076193464258486
3.8442256019901535
3.8987071172010705
3.786158811033713
4.042874103827487
3.712370674934557
3.9158931959305097
3.915416414148478
4.432658030435057
4.098051161335266
3.847951551557075
3.732408694424738
4.39472746106248
3.6146196272552418
5.432920313174016
3.6281295023588154
5.301780514098379
4.210042211141201
3.6594694595585784
3.6487671990960338
3.8632372538125654
4.142788716979717
3.901212567968776
4.947396913083811
4.448146246937983
3.6888267625468982
4.411400812326998
3.6230188832732724
4.04387153950563
4.605550264619101
6.603427519108329
3.6171936613313527
3.7957454786184432
4.157407980088593
4.922827885241665
4.1767706316841275
3.837728078098694
4.378660328536224
3.895396540526646
4.8681014050034035
4.0462610929029585
4.082809435657974
4.0470236387889
3.825966373676602
3.886461835558909
3.988460987752924
3.785201202216225
4.628643226652199
3.698539054431556
3.670289983886214
3.825911436533243
3.7387267208786117
3.655381745156256
5.279720490508805
4.101912046611162
3.6949813671570837
3.647134939943556
3.663242787143231
3.6801148037369753
4.489961567830618
5.1391443117641735
3.6487883175234583
3.667118446526236
3.8707680676893275
3.8166692103832225
4.929273506195264
3.748012234617347
4.592694368854792
4.431424109677925
4.1422016929849494
4.4532646636315025
4.51766102606164
3.974863609413509
3.6685486654853103
3.8076907987936943
3.919532482720486
4.391083039104346
3.738003251116158
4.440175124754125
3.6476351532281557
4.629231629214549
3.780833481744444
4.1540256797816575
5.069572594995035
3.90377664978902
3.91854694677195
3.6742370899743935
4.08523350066319
4.018627660276837
4.54773530697345
3.6168366190662855
5.030572190872391
3.782771858429091
5.175862330903992
3.811394858390644
3.6347187077422825
4.641800703955825
4.028082691691343
3.894774922140539
3.9992459680380783
4.339640962498654
3.6245332031760156
4.120217871633673
3.731967642741182
4.03846954259731
3.60434224465785
3.735701651745659
4.127725250721241
3.64913585076107
3.7671151113909005
4.039576228362677
3.6294961916055333
4.602623496937069
5.207433627623259
3.724525666605628
4.069681227279672
5.011709220787132
3.724083361256821
4.11385682354169
4.266833813518217
3.59724499252521
3.8818275095074903
3.6585930865954452
4.067001048010945
4.705734872923461
3.7288076492409408
3.8315769183902413
3.7931427137649414
4.1970489616880595
4.090416562031661
4.268172533238124
3.6137022102458616
4.019429340999106
3.651304878098279
3.911206581865862
3.6723949390136674
4.278421376219699
3.7095125421922157
3.988146532820132
5.335115621785635
5.374304362229342
3.604670875273894
4.005387944364682
3.737556316528481
4.920759864992722
5.057681575871422
3.653323191199239
3.7563505526491894
3.8580248885693447
3.9916839625936635
3.9935563878211324
4.401382744935251
4.090022006957386
4.0775264638858015
3.6619637956547333
4.054663921031111
3.607458410258563
3.590368675491675
3.8042955188688343
3.954807069636713
4.1716779509692685
4.166685586824988
4.540378056244391
3.627722413586666
3.655126185885348
5.173752796388593
3.764438527711591
4.040501822051277
3.7328163726164076
3.635416575474703
3.6807474899794665
3.590750325705103
4.010747031943894
3.6234444388307456
5.28419968440462
4.624875380669625
3.6518427320585594
3.86912126891611
4.177556083011513
4.062050311684027
4.036602086615797
4.235458844220639
3.856524165098346
4.480729443484163
3.770481465367844
3.6393926415955846
4.645615416250585
4.252887248263531
3.804236304358785
3.967518482813228
4.1740346311179195
4.423421016432954
3.7113731573693816
3.605365008697346
4.884721936171301
3.6149521438198833
3.704108633007997
4.489050188153237
4.0766703680236445
4.379240156121659
4.527646364411973
3.6223053288308353
3.6290694186263144
4.101229642152845
4.135929362509708
4.196678277627452
4.210788679900764
3.793686564560074
3.6223360804231475
4.1536104292
5.090844285963085
3.6229718802449646
4.400063711983562
3.854364081175781
5.07560525777246
5.068868690945443
3.7077451127724355
4.789884235908575
4.849719597920103
3.6306840714901654
3.976350889193617
3.601785019148835
3.718297660074043
4.5628076482164115
4.052706750204106
4.015296969527178
3.6276562446366407
3.758361410465873
3.640092508819754
3.6669337987688406
3.694010294554946
3.585292577933265
3.8727084601306845
3.815828837947003
4.122206783769855
3.9901139271738884
5.051745381013438
3.977858047017982
3.877505402760509
4.5162875830457345
4.736556057110771
4.408139305053526
4.700466700463509
4.9570944571612054
3.8169665629177016
3.9488771362745543
4.675024669344968
3.9579932093840227
4.697018162480578
3.8390774357454953
4.590686769864632
3.6848421891238843
3.5549499518595793
3.7023780192338167
3.6377151799944407
5.0348513012639575
6.1976948017265
3.577929441719471
3.7678091897009494
4.177351129709999
3.9816465769817837
4.446828230187093
5.347200213770458
4.195598471555259
3.736194791329969
4.071009131054712
5.061218563337818
3.652134280138772
4.024385101816168
4.50505013041386
4.313159579471256
5.232697322445398
3.930072613342004
5.390376354003114
4.383713622783042
4.549749603585054
4.580528377497796
5.219746973164563
4.064514463980304
4.210863323174621
3.8791533231160065
4.10285116689647
3.7522658538488987
4.476146851522554
4.312541346649378
4.422238742926853
5.628437878912667
3.6381478504576203
3.8039003764722294
4.879984365832868
4.638553228470434
3.7835486345034894
4.235830964608552
3.9566322819325954
3.893854223181136
3.866374743823544
3.968089657359924
3.7706842749372704
3.6711691471792776
4.289758572032763
3.7702075715404835
5.623676573487453
3.705096656322703
3.6099988220195733
5.445479249284333
4.638511614325111
4.214920055199142
3.9269051498211036
4.614016430400324
4.483467165895595
5.166127212529703
4.791936916670959
4.149525455742772
4.383102874602634
3.728428312654715
4.871156562503098
4.681632870127436
4.23394920583573
3.7268701819908
4.348250905712171
4.27577428956773
4.6111118049844455
3.928606527918446
3.7455661235486937
4.337437885835624
5.088097402742774
4.901471951241826
3.8030215451619718
3.8241616594983228
3.8466536780862706
4.2789061166048015
3.591911241271469
4.067330469200721
4.004366028515895
4.649165366628506
4.0394909264299415
3.914209585242504
4.297545925259499
4.2886288209654
4.090590657643065
4.0497726826469655
3.6324400000064676
3.6238391681829354
3.6497847099576606
3.644752397665466
5.873457848736022
5.038519005249168
3.6000965370062676
3.724358236996207
5.6376628517911
4.916080625493634
3.609472581951819
4.849515619822988
4.10457155071287
3.6051566402552315
3.5628540380412037
3.5757900622026284
3.5839020132006345
3.6139447399073843
5.2052896620166385
3.566125890195263
3.591568478777149
3.696277468804369
3.608050358242652
4.769549604118412
4.065341732869944
3.8325214191593524
3.9858689050712237
3.5785762824296894
4.423925556290943
4.726856618620704
3.7801565929395404
5.428833202930954
4.022618364118116
3.7070113404474787
4.704638155185546
3.844776548006532
3.7982531244369118
3.8629450043454874
3.6547601932025886
4.670567159479775
5.394801480213822
3.8243923771572073
3.7977475253946222
4.104913378837284
3.865992325551805
4.646593397072234
3.845295689982133
3.627507330526738
3.60751911615096
3.606962886906578
4.6081121637983005
3.835383432650191
3.595256979768565
3.9362879611330466
4.245174198843928
4.280716433162654
4.0814338437161535
4.214176989703704
4.263942987861074
5.58247904472788
5.658570334469631
3.7344108807432623
3.6675836491876304
5.796812429632494
3.6628174246029275
5.45568276901485
3.789145364492605
4.6270965867134874
3.711565489992683
4.162037789938353
4.714100237283116
3.7925881471576925
4.898168971594185
3.6189388712600623
3.5950746429025227
3.645175551639197
4.004688382516633
3.733459569263256
3.688407038448749
4.918648960312431
4.007142166840407
5.2181847918293105
4.451166937775654
3.6878287827467
3.7834142790766063
3.586232637233169
3.7056420484446226
3.9138275643988587
4.214321473272507
4.297945150305969
3.800215741562981
3.6578404061001883
3.5860808708285004
3.584001536631133
4.518007366417351
3.5662450337557363
5.173398746971534
3.6465920100141616
4.050993437157187
3.7827297929076487
3.5846327354461476
3.705383589108502
3.6322668823314723
5.140460574522608
3.5993171933801316
3.59810728176902
3.5887960539344284
3.775447008477063
4.642572981154755
4.107946444264753
4.173582211634643
4.17383745415127
3.768595352551562
5.03806174956431
3.729823492886604
3.782688505377152
3.655365402575747
4.757025036093396
3.6254115151100414
3.725327038269069
4.549776137884465
4.166312966251612
3.9740660663300567
4.767177286805314
3.776991475010033
4.441660361678913
3.6854245459594486
3.7169451057650518
3.994875374949589
4.227610809637348
3.6184589631727517
3.834456136026333
3.8962061757010815
4.061111397609656
3.578319556223886
3.607314403475757
5.039880981359385
5.495379901148797
4.732636484970987
3.850397439832121
4.346638246839893
5.161852667451312
3.6280806964816703
3.7855740217636673
3.7587751864190664
3.7278320146414226
3.673422565105255
3.829018979937677
3.8248568276104598
5.095607228292817
3.7771791796672125
3.676438271572151
4.113764595723119
4.107151439720166
3.6660217313668477
3.6932421323277334
3.8290765668873017
5.062226009825913
3.7053775653353274
4.251133685505666
3.7574089947982388
3.732228295202307
3.8757221623492635
4.387674475895282
4.0076980621930804
3.771497693146568
4.889687636559819
3.8176475193790456
3.700575038477808
5.326396428949446
3.643062745852675
3.5864993534868157
4.66588746472655
3.7148659557162746
3.735496304567537
3.9986176684026233
3.8024052906725077
3.7031827313950476
3.8202986421532663
3.7811401930168036
3.85583105257094
3.8724449009726585
4.895649235442091
5.753035895025598
3.629268039852901
4.9964705033979815
4.6293506977777525
3.857071269272786
4.312367397181644
4.101362994246715
3.9536745211934363
3.664515897299367
3.6526320378494836
3.8164281747989515
4.255479281268331
4.933822082963994
3.570611312111833
3.57899947633589
3.5870458717966147
3.572150338371909
3.574699174948965
3.6177081536190983
3.568545763833131
3.722959705556274
3.645372165663291
3.710410385539816
4.027687263337573
3.8483492574230076
3.605006495099187
3.8393715286413816
3.754195398467976
4.534915937862438
4.532543863577734
4.003666112771706
4.198983613771053
4.738009079511877
3.8881839955191757
5.734524854675113
3.7208310202110053
4.368902629831195
3.7349829862425628
5.529142905280949
5.0632012413362775
4.995545178351
4.776670400610641
5.507367200592678
5.595425937090847
3.6373919353687567
