3.1572412814117374
4.275108316499832
4.6285175553340565
3.871119724040365
3.9660153719603812
3.1129610230962323
3.858343662985691
4.073559712651571
3.3766791409578416
4.442373495526155
4.142268823805135
4.547332325495486
3.2445089118951707
2.8644429694311127
3.5910278275788636
3.350876073847171
3.02139284354314
4.645739725895949
3.470597462595725
3.56001267669245
3.68789173256161
3.565415549073666
4.104828166154903
3.1745588650244922
3.3655419258007058
4.627009537765
2.9996883492710174
3.5563422356312286
3.828760744288659
3.3372260288343636
3.773201692598755
3.7472671070090295
3.711930179917048
3.25131540321765
3.8821309036505425
3.396319915874245
3.3949926841936517
4.012931438763961
3.5300793990818753
4.4392351424739775
3.1353084737636507
4.167738374402299
4.948936158636623
3.9982002020562373
4.9066193633388515
4.784218811720324
3.7587897085135067
2.8578423017956185
5.6944861286698405
2.9511503459947646
3.4101175807709136
5.510358483637941
2.9580452594038613
2.886839301635789
2.9531806187202623
4.606512551187166
2.8821967605540735
3.46223757434145
3.951790147381372
3.2015650531090496
3.6790790019951647
3.0440827553036858
3.4290334445751816
3.333981141619646
3.571025513010286
3.680210488305733
3.471630686446712
2.8544713572884364
5.186669654138406
3.402170056210692
3.2293730641663485
2.9847986363467536
3.984588953609501
2.8822781410837575
3.598263033432233
4.780373633758831
5.221436696714073
3.0388388609297117
5.090441315467224
4.753750011430838
2.9249504690775074
2.8978511907749778
3.0271801960883593
3.006632295447635
3.148666782925971
3.912432967210492
3.095898399854138
3.0313883703805615
2.868838308495942
2.9605751577997057
3.455746741492298
3.123010783553765
3.9060622546493886
4.75150295300616
3.4053173715066434
3.2522510459775154
3.0795273802009677
3.0732155248074413
4.67396511607577
3.6589777047483176
2.83952306878073
3.006161952248999
5.300987156910588
2.8935809965748276
3.053022750408847
3.7750605506289983
4.595455583535944
2.931784755180688
3.178939861276424
3.358415189981267
2.9539772443688506
4.497226489332535
3.179717333003331
3.26437799677229
4.596705921273086
3.074509962673588
4.229177613268598
3.2538576817939835
2.9967594335970498
4.5294306066524825
3.057905069847184
3.1726552822713807
4.975218636440052
5.030273028382757
5.4350062241694435
4.781567969610471
2.8241493163133637
4.027356204454856
4.949783553884675
3.9953230780679023
2.988198145813742
3.7235678573923137
4.586847037545821
3.252944085778473
2.978035868191537
3.5217564153298477
3.695451036712963
3.6878087167111278
2.9317693383175394
3.347880078165773
3.027734601246018
4.5450177842513275
2.9982504323360177
4.014649973487047
3.6144900260915205
2.86761549491006
3.7358769337966984
3.7771564014989307
3.6426322079870586
3.5923670380326858
2.959247962341621
2.941841107708438
2.967213940468273
3.950249225311392
3.5961685968421335
2.9280174703734967
3.167671133166542
3.0265465862976644
2.9012430730581347
3.287961950687029
3.040424719835999
3.0518418688358473
2.815275083822626
3.835293995584691
2.866079577517511
4.250688529696978
3.012634269491542
3.9514836933768973
3.853761155093557
3.1018003355395267
3.7461152496387053
3.1073431901618633
2.84508047221492
2.858261343726116
2.9388107132896506
3.160168342874573
2.8905188874887324
3.139584724829082
4.390340799244418
2.9896233203841396
3.254800715006853
3.1385306217508946
4.213894074702448
3.337359680042181
2.8929569350828697
3.7988624177069754
3.262309138908132
6.00356102022704
5.449503162513866
5.3123315144850745
3.0410147494448303
3.159202783943287
3.226127767078513
3.7291103635606935
3.0993009496599884
3.807224853329269
3.9479012236136724
3.4078586399706716
3.4125886649719477
3.2354266338203006
5.264246937804635
4.847357902784929
3.552705806965075
3.020158796229806
3.1311898217459695
3.354907449562016
4.255547571152083
3.42921259869042
3.5751999965661208
4.420910335099794
3.717936500982567
3.2610704626128175
3.4836252122726905
3.2983574388315895
3.1005727769738844
3.842824328234787
2.8443360504517976
3.1072354844101095
2.9657686431311134
3.167809260071771
2.848026540594713
3.2011377080221197
3.031488690586792
5.233642595974738
2.968191101194539
3.2057342699717504
5.86526769617843
2.8816173811630916
3.8253613276984972
3.219986790147309
4.025712076910177
3.886364038893566
3.175160315591201
3.2934724370702453
3.639095517559483
3.9276429284408936
3.4015281987985793
3.1357821545562503
3.522496731875599
3.7139850395831306
2.962154105167494
5.558993408846954
5.240498881937256
2.9235249539355186
4.752627748558082
4.040996740213729
4.201440460996001
4.649951585970626
4.889514710162814
3.123473942562112
4.675310758122366
2.9451843353981246
2.918017147534624
3.073983038059707
4.863533030319126
3.205285190941396
3.428125419447836
4.342409526295789
3.5014590301488875
3.245231871293854
2.8691845402982143
4.169107361432437
3.1015950788814304
3.1804848918062842
4.821378599263533
3.2047635995265606
3.306368695121914
3.797402908221417
3.899573878683508
2.977560972291199
3.5389883157660975
2.8582665212407754
5.290172110041286
3.1401713250223597
4.146859461039133
3.6601694977826797
3.172333559146026
3.5930431872816695
3.149847842657262
3.5782904086033667
2.882240395477004
5.156688115233662
5.200566188078154
4.189173258922342
2.9463626601681128
4.723487122730492
2.9662383799793988
3.581785056015022
3.2052471456753424
5.052352941340552
4.6807179066412745
3.4414999042076575
3.7820638066430847
3.0451603964799845
4.843321486623799
3.2760825231938098
4.33268972505897
3.0760178306734085
2.87191628599213
5.096298505435174
4.877617422872041
4.941500111929943
2.955439405739118
2.8105114897753705
5.499602735356005
4.070848980187932
4.004944621634872
3.538769891829854
4.1002735343806345
3.1547389518628077
3.6178326216460297
3.2066360519601926
3.6664735178542305
2.9597786563350894
5.617151904794488
3.4211424518857347
3.066624995886176
4.946800572045012
3.256406444427463
3.6307670766063542
4.951775600727727
4.978130349106934
4.063779412028238
3.3757672469081466
4.5224918628404565
3.1440539767385274
3.210811940792256
4.095915463928697
3.1387032692080465
3.062354095724143
4.624889930313013
3.6763230025567184
5.910801829399759
5.123246977916796
2.8395421798958878
3.463801072681086
4.504456122282997
3.233420758045476
4.975485374480121
3.082058637726857
3.1898568460662755
3.343141976600039
2.9567518468402083
3.8199622096655164
3.1157652651150975
3.059038129953321
4.437274740756258
3.7299646102093913
3.03253926278648
3.0042182839309763
4.005667241144299
3.074568804338731
2.9414555867202337
5.563104074735938
5.911767852147398
4.604057747508996
5.758166177986459
3.222409302992242
3.0532429594534745
3.58988788215777
3.935437522312366
3.3985504148071457
3.3353481921191905
3.99469339759058
3.0213968479708084
4.476246672984412
5.625891755193511
5.26620015786708
2.895358257885684
4.3210435046930655
3.1416997647418983
3.29329390838396
4.048748998594485
2.827316362358088
3.4551107136399146
3.39088580256304
3.0459617621725066
3.0853554457069334
3.0642778013665173
3.643080753648821
4.095680840507198
4.531489992184328
3.375655620350634
3.116326175365738
6.196031284522101
5.637638429700616
2.833240960382962
3.122612317033623
3.109271674199534
4.002880020602568
3.5006969533048062
4.8777527469590884
2.884531692045431
3.3970833081513674
2.9106616818938194
5.833248197050347
4.445953435736699
2.8500288102413247
4.08643022493093
3.645077919634174
4.192104904271984
3.2105781576906915
3.146407068610645
3.0230256850656247
4.039307870108685
4.299093361414599
5.198702315050246
2.9908273477204124
5.532660340031357
3.157721702178002
5.033978368217958
3.6255432263294143
5.604895308261609
3.500747016200802
3.5381027527550106
3.605384848167764
3.108259670359062
3.1112732968732804
3.7283690607640745
3.00200548072405
2.874222616608832
2.9550966963572214
2.9286385766642713
2.9199905304383127
5.538133981742333
4.286290905996701
2.89080975107866
2.9172387535115716
3.7287788531514723
5.552883029338368
3.285883654220075
3.340734591910446
3.808131653526514
4.712617499798475
3.0461579559215766
4.3546977938657605
3.355376610718721
4.06658874840174
4.081657947647696
4.240076264231286
2.947152946810397
3.1822914336536092
3.7970247290882972
3.8985176673815847
5.368693247370189
3.987053643462838
4.632839720739687
3.4718557390347486
4.525741327614818
4.106399404150137
3.7362865740597164
3.972173327184006
3.4925932746347335
3.3796225315804715
2.9568685441752103
4.34243515441299
4.250047883013531
4.145614587567123
5.179434636506975
4.273557611261318
5.42271124131456
4.769004676169831
2.941522344745419
2.8300474581502657
2.8823709517791913
2.9937672978076826
5.883714278271634
3.067980541789327
5.0732621891183465
4.324466857091504
3.511087205088421
3.4570423217062927
3.229267295995127
3.725875979510713
3.157021369324243
3.2078140421195753
4.025369881734296
3.0594448357643778
4.849306899027508
3.854381992999408
2.894591490171971
4.405495992388978
2.8487174753873448
3.9231017286644683
3.562508097667508
4.0332850825764455
3.4450488681150695
2.885328444424945
2.9692716885299344
3.186147753741908
3.0969388764953782
4.088804891142965
3.0390631303043274
2.9104497735434958
2.9505396430560635
2.8507594157550047
4.717465044738982
3.0960785531381436
3.7883274317446642
5.479538933884566
2.921333144505879
3.3393896683146886
4.0392015588743515
3.033321183102313
3.762880710510985
3.811171289411038
3.405609375291213
2.9127402103911635
4.750097957109183
2.877529126732072
3.1920462042423687
3.3352321128747895
4.245066420704275
2.8275231179716256
2.8533715073988795
3.2811633122438337
3.5783819132326533
3.2151450237394084
3.11730242065311
4.752786581390783
5.012191192877338
3.463838590981335
3.119689074685988
3.4808631276830884
3.114383057115287
4.075572348156905
3.4361729358511863
5.15926101009917
3.830443474313972
3.3089701328361874
3.599692860714077
3.2819686176365312
3.210544799008023
3.036160772618316
4.774233647635725
3.558290413964785
3.4541002195952673
4.382557191666642
3.884103307784835
2.980887303725462
4.152812195279317
3.245664212057804
3.455914396567042
4.513628977797822
3.7521533685213053
3.353789203265512
3.621888739631643
2.988763602234588
4.369353231814365
3.4564513641183527
6.275940935544344
4.829190781269581
3.888577777031016
4.750019680698749
2.844277756289029
2.8543053317331486
4.782264498978274
3.6634105811110382
3.2042856811442384
3.911625162540685
4.164055600388536
3.2969542643507443
2.99888092045203
3.212011252497888
3.4719053280335492
4.165942351464125
2.9445585693679814
3.0333931732500954
2.8694980655692435
2.8203268004884863
2.822195729661626
3.7000375422284826
3.1131954416531817
3.5102510237944005
4.118896810258949
3.331451945054863
3.678630913753626
3.803962297759694
3.2229331697274777
4.925184013832577
3.15137320110688
3.347019744028681
4.177225922010793
4.928718570492608
2.9259278610431143
4.029437193050536
2.815917491712145
4.06704560708682
4.16222622145615
3.1325687850696813
4.350454862163534
3.29336845098956
4.639981374807666
5.109673802897967
4.728580968617054
3.8156787433932866
3.344355503548768
3.1980559042960026
2.834070108287042
2.871881439974554
2.9752671435997984
3.3669390251478326
3.5565946342911827
3.104134186906515
5.568658640337609
3.223177201115297
3.2011624099851597
5.0527047638065685
4.075346209038109
3.6059824141079218
4.089694625693838
3.423909923962421
3.6606868724727644
3.3597308575858134
3.37323451817301
4.133083079414897
3.4990304378138406
2.9802491546288477
6.083661086403566
2.8324260773973986
2.8583774963254722
5.3268961069485545
5.022059969060653
3.0739928812741706
3.2236655322994916
3.0593799422368537
3.4104658259130503
2.9653007771882547
3.637739423957547
3.186646441670252
3.1342004065007605
3.283717551178322
2.990819326830321
3.4051088331484802
3.931670391284067
3.6804046754481665
4.7042966866652405
2.9659207463091146
4.069358547745569
3.389358486295203
3.3570084931542317
3.206686017585497
3.8616623251366557
3.49636138690792
3.6525437844892323
3.0425065549474413
2.958951983379298
3.031529138456529
4.034816394627062
6.422460954182085
3.5186542937868897
3.2070616853326177
2.886911259235481
5.072453442276001
3.0276163823007245
5.258492735593212
2.9168954377344707
3.2278862699605733
3.1604000238417522
3.1552331447495314
3.29271356345484
3.365417578389365
4.682317183816631
5.773274697405469
2.9981169434703534
5.787459398215103
3.0048875998738414
5.4422444467279085
2.8977666283086396
2.8886168578800073
3.1275512251742255
3.863442948172096
3.1254814521635836
4.490293189693373
2.955526630970943
2.9949512223313706
3.233128988438105
3.0330736549878483
3.785242054986073
4.078330996676011
3.8323112781549575
4.121981488607289
3.4125200676015868
3.5296169822263117
3.4218771641260384
3.871909551846223
3.9546668333690693
3.3106090394039915
2.84300003075707
5.092513294533048
5.0006752178918035
5.537186112735448
2.9034535762100635
3.35911010367454
3.005444109155439
3.830645137532371
5.282751207200457
3.68485224765792
5.407592132779275
3.4472970361679787
3.0910338555965615
4.577438781922903
3.6024741090365824
3.325476577618301
3.5273531780620693
4.625168465599444
3.1132447339123233
3.849390690205939
3.5017197842143846
3.429352598543981
3.9680962498806602
3.1127237789077036
4.654475631289101
4.705145009634359
4.121117811642293
3.771546885502116
3.61881348674138
3.632604923306446
3.185578128554183
3.777130143861669
3.616320041513255
3.333105085001822
3.0800049053418554
5.156729276461268
4.359581385007074
4.627387377153877
3.5902067009748064
3.044107505805715
3.7000233676927214
3.105903638733904
4.610486444507778
2.988540837095412
2.935858044248753
4.778930395922266
2.910662455823631
2.9368444599374293
3.049641612911336
3.0199075388173586
3.5819935820284705
3.0867170218561357
4.505831968151576
3.2133719213889522
3.772327946543932
4.711296677423753
3.794549031908516
3.141255245624286
3.3085689313001865
5.024330634296742
3.178579132807717
4.4739638108604645
3.9784169728444585
4.3648722329348555
3.4598564837123504
4.055660904589182
3.7082723234034947
3.2113528991179665
4.895024941876218
2.895207968727009
2.9623301243259927
4.8560201831849374
3.3083184628214397
4.2659092604803615
3.3357048621378125
3.1990115559692627
3.3757516220517076
2.861904904574484
5.1388706830043045
4.468595976079559
3.176088840269877
4.024507270151617
4.45785928945694
3.166666818579861
3.9496957044783416
3.085068665720091
5.041606263574754
3.103138688535972
3.9028916601093355
4.315839009762747
6.438732644038527
5.211538100620611
3.757382076646083
2.998694193258097
4.634962614870613
3.2515182218004366
3.3349152858818805
3.646286582725881
2.845173950908303
3.521300782967958
3.3680019358899544
3.1827047540136784
3.0437332632071312
3.1861480033888334
3.098494090371897
3.892495276455742
3.862368763723274
3.0628289994366584
4.160101625294967
2.9793963949655144
3.2171867583614624
4.038888944366413
3.8972809034791274
3.1447212365087416
5.43077203264411
4.1526944043613945
3.2538900462881095
3.4064530775286155
4.024361624543877
3.4418163865239544
3.419480868851338
2.9474965285026586
3.2226529003840723
5.039856506545677
4.989779740977709
5.106094252029259
5.61825858078957
5.260402657786869
5.836596479396635
2.9241916544902935
2.924379517827478
5.242545845853021
2.8703433120111406
5.377006801314805
2.9394110753841907
3.1207839386845793
3.1776256182343454
4.480019939160974
4.420833955106384
5.560780149101007
3.9651201828221696
2.9831878429764576
3.257072646830357
3.3058297424581946
2.8789919076765917
3.0452311918519435
2.965620670806718
3.301977277023232
3.060046234929243
4.885218932051144
4.253725016367326
3.27224434433407
3.306159951098034
3.2413800926025944
3.0601679096080505
3.031749369998561
3.867106018747245
3.635727934199081
4.5610705379208625
5.414049093153956
2.9815063060957834
2.9972527273941125
3.809954514743213
3.1215048532821568
3.2922913233925337
3.0129730462582165
4.537694113841917
3.2320026636872536
4.385099849246293
5.084070276710516
4.804107404221499
3.8770258624192437
3.0353140950565973
3.0116044652101683
2.988545212530762
5.249277931127717
3.0935255246262714
2.8764261243091114
4.929849073518783
4.215094096440033
3.1425979854033903
4.214359314010428
3.060780711715917
3.329826442960757
4.1047426262969235
3.813491138864279
4.463098016515379
3.4282758912141276
3.1540824635913136
3.704677244554406
3.3228939454969275
2.975203949252812
2.9504894714674257
3.169334943575997
4.00954788016941
3.2266677768421044
3.44366232234231
3.4499554945748665
3.80091523633254
2.838276197436071
2.8819920913465897
3.3015129159969625
3.5913453313122354
3.2994797909661306
3.2656912325411387
3.8747211251748195
3.159647850872493
3.37725625979224
4.350331083763221
3.8656916737802995
4.813890811923007
3.025435121695124
2.9008381873892928
3.6988745728576427
3.1878446593273964
4.460443931450223
3.5294183052872143
3.0672255171181435
4.225095169447374
3.317586983777834
3.3248143903773832
4.105332425557849
3.9545032323317697
4.3497103540765805
3.017043338269115
3.1965929270784255
3.0580045901943667
3.027295819607767
3.6953422205894535
3.696113827281402
3.5252585347209497
3.293863295861072
3.519068480012871
5.491856189511868
4.149073933346157
3.403895095322939
3.294730186911042
3.15509671960287
3.1087300324239866
3.3735347303930583
3.808896146953575
2.9522499386478156
4.221133713723423
3.354887977010869
3.4252868859072665
3.2304454450956968
4.32262555142095
3.3608734244095575
3.211516947915224
3.7873359619559936
2.973870086704691
3.8845386286472934
2.9952704504304846
3.5159819371225685
3.7263556030634293
3.272180855242662
4.182821244131817
4.615515457766307
5.165162001617556
5.375076529893098
3.107922760245484
3.803934448113142
3.4633339830478516
3.2466707628836615
4.691533065166892
3.0083408990027625
4.877898740325289
3.207455035471983
2.941192142892575
6.030802141583113
3.6463045249614527
3.3332616299934745
5.566526605473036
2.9879028232809226
3.3507899973653026
5.052587730143796
3.0017615812916025
2.8236398513417913
2.807197890962765
5.274368492898181
2.857714558210206
4.312312121752311
6.061258769437008
2.951734265077566
3.9496442605768998
3.070257788837175
3.856154563132251
3.061631153061791
3.106574136897216
2.854257999184646
4.530271245573504
2.926457316657054
5.3233874517899
3.9936573840106306
2.9054192204885196
2.838563277568498
4.253990453724505
3.5064783768417325
4.3747121887069405
2.9254235814499023
3.2362939197660623
3.750496594244449
2.9416980992821955
3.1140625107451125
3.125400438220428
3.8562152306440827
3.657131073238038
3.2583584463150057
5.162836810752286
5.819082046852186
3.1364457629100264
2.876111480325547
3.1252773022981044
3.19971020223073
2.9190655375
3.1017460933163794
4.863753758313536
3.252293550665133
4.221090290533462
3.2793506996952955
4.067053633295469
3.862882861152431
2.9808936875816547
4.015823480090444
2.9351019041968884
2.9552128247671385
6.000633882930044
3.04857716588402
3.8315865607109334
3.009635704866496
3.1919647344314344
2.9045822926808578
3.6514421295610324
3.60919254300509
3.8216564094849135
4.39862457409417
5.270547163068279
3.2795341427453097
4.552512838324018
3.6718300306982936
4.257523460953303
4.992113306815124
3.5959997033857354
3.6692615930809027
3.3513571082243026
3.0383716994052676
3.1687068890752284
3.4884517264844614
3.133790935608164
5.385169971141837
5.9823771417821545
3.83029063983745
5.225809763682665
2.9668386993413245
4.281974962005125
2.842883577570806
3.034903380874198
3.229970499194605
4.503284357411867
3.524561766629702
4.412833993694595
3.750591683097892
3.5589937926843938
3.0376338276643344
3.352233513480124
3.3077261124103634
3.086261930177079
2.8450539836856494
2.9804431857570113
3.064940939409736
2.8673448326127375
3.3677732192555725
5.164925258784909
3.0807571638850164
3.8406288815022953
3.1658117220101367
3.326188434333915
3.087224554586408
2.859652455718183
2.8228381256782957
4.306580036472693
3.120678747912084
3.671778910723132
4.31382819761933
3.419163427715422
4.696707990535256
3.508347755752512
3.68406092787844
3.6841234565017666
2.880614836305228
2.9391964949270117
3.0436612769953144
3.005008363279257
2.871639268535923
3.649905349484974
3.06710495526182
5.48364068952467
3.8805858737486005
3.074264185148203
3.5822997586611933
4.011482877939067
3.484908255681594
4.464608601615737
4.197320659553083
3.020154585438629
3.032361122134057
3.768573683871278
2.84727977077472
3.141004127446154
3.496140918986177
3.910263551820056
2.9653828869890533
3.839651387880413
2.9655872001997947
3.6692799772451563
3.4554549233777356
3.2871210392101804
4.437645096179679
3.424564932139353
3.472158488940772
3.9043164843770084
3.358742144784399
3.591500487021435
3.4216043919757615
3.8470674589906433
3.9142003635943903
4.203204316446064
3.31825344417223
3.6788599344468667
4.1947314944141985
2.9111926933714556
3.7989030304195195
4.946470253808217
3.2148943048031144
3.2060982431447
4.533981403413615
3.697847665235334
4.439264313724909
3.894796906716598
4.011084214440759
2.936559812856991
3.1644847718720266
3.8002298455474497
3.8842657009988626
3.3112142066686507
4.40222052683007
3.590621056873549
3.3144062325032335
4.092368590276585
3.0399200016920784
2.9891988823638727
3.836356196983263
3.2082571583070614
3.061295953922497
4.543708820787752
5.454509950041027
4.247012728841868
3.543151848763377
3.0180780922992962
2.877128132566938
3.1520453584530816
4.049767510601471
2.946261049897987
4.321284610960118
3.383944106580452
3.674487658239191
3.592074010350109
3.7583678143409913
4.898221171483644
3.8321535307751313
3.8261399216249985
3.005504618339862
3.6562182716723344
3.898315400129038
5.330175830828516
2.92668604494989
2.9475736591435746
4.261736932827452
4.291593030203805
3.322219518136219
4.968699797769428
3.724303538283034
3.3055845647612823
3.185684307895708
3.0564518577783177
4.631725643145851
3.0820916127690423
5.193631542723285
3.8915960057531027
3.150951527463225
3.906653945050451
2.865162437159816
4.8797414307499904
3.300026495782576
3.455345038581463
3.079858027032418
4.019550271550053
3.118254487911943
3.375865078157879
4.660629921170289
3.265823629915338
4.192379531055022
4.7711355125796855
2.8691438162141027
5.32630458089605
3.036194584794061
3.756527871400451
5.249403259955473
2.8950780017640643
3.0693972004955996
4.825944055782519
2.963482269917515
3.1238474702737684
3.5177436712997636
2.8697302248664034
3.126823602473706
3.014853224236889
3.0988311046392365
4.609846558772963
3.696759131973054
2.931056051810579
3.3766092143200352
3.3921258885887595
3.4120309063710605
3.3932545483533665
3.349144793565819
3.878446533323494
3.319969328377632
4.5229058290830135
3.2055184014107305
2.9339587162527003
2.9446911404947866
3.2982170582459958
3.2810743166218623
3.5103809149295913
3.7656841908741154
4.428010017370322
3.965735367718045
3.030082072751213
2.9286182703606602
3.1002891764738707
4.716523848116236
5.200332099124753
2.964262227444592
4.1641180832154205
3.172711059757129
3.2050145309536724
4.616964596789785
2.891382560678239
3.7246938311179107
3.347900349682411
3.2722057529674853
3.8960906122683405
2.929363700975837
3.1122255450180787
4.213241645254839
3.8492134609361894
4.182368939937643
3.2419040762963167
3.18389989147437
2.94087797043622
4.5028797368045135
3.7883716542912955
5.145026970371331
2.8553505552166194
2.9566725073727147
3.7496444095609016
3.090425498296252
3.097813236620912
3.2271006138282647
3.1896345275444937
3.7261634436596864
2.991924365100167
2.852459435323771
2.9070803839406034
3.2227903976839896
4.721449945740465
3.018024232117332
4.130159758978005
3.079473115816277
4.672309020580904
4.186596512905919
3.2969454784568435
3.238857436878015
3.550361643982168
4.6484084750063825
5.444833645212387
2.96824653855031
3.02266806808378
3.5090628348016994
3.6877605340553594
3.089525325963921
3.855613865890553
4.001860731882104
3.8894008563107874
4.700437442597808
3.060817225945998
4.189628328736824
3.4958768614117344
4.947446099695234
4.880661066002546
4.858994401351532
4.610712907475236
4.630783964436115
4.647669048028946
3.0854393434795995
5.7120448299189475
4.998268144942654
3.853747901322147
5.0797408749799455
2.9434062856237513
3.578063572606825
3.0342504833809003
3.823632474899775
2.99073610826522
3.794687225943287
2.900297612764221
3.961779567091512
3.251903218263736
4.398762233608088
3.1743731335125185
3.747003168776758
3.6405278956634604
3.3013554967424237
3.0196003309959667
3.1221411416013845
3.5978116041524295
2.845303051492402
5.839212513827325
5.0418635517249974
3.5160306162300117
5.233562250806889
2.9792955184974574
3.20865280610727
2.9114121804987403
2.889322012818558
4.064360735002176
3.7589610950318075
3.196312856602505
4.921402763772724
3.127901146807628
3.115468112294945
5.3011068294287025
3.1937141035977095
4.7453756091885815
3.300667874497936
3.407436667876007
3.2402220143671077
4.049607905696073
3.4045365842919533
3.080708937851176
4.5289863864515505
3.0331482249054136
3.481083084592072
3.3291312631633745
3.2878223595060287
3.3266301453789424
3.4177071355368187
5.752535155277918
3.735288706250426
3.1136063687422637
3.940477451587676
5.126649536633483
3.906386234558594
3.086921253111807
4.137114925877917
3.3602564604834604
3.8484674936678744
3.0276607961009097
4.602291028745347
2.923044612158616
4.477973571741959
5.580293782473831
4.471059735480779
3.7175352563673787
2.9998338963077886
3.171304894588662
4.108763390780218
2.9552098634569868
2.8265520579229344
3.1454990585205254
3.516976811969066
3.5134154463407636
3.3145379680211486
3.687024461259567
3.495772414109425
2.970204362533826
3.2739257152244887
3.320742557993095
3.3176757581637726
3.7529104690809456
3.208599961110659
6.582303996188465
2.9424816439154595
5.035375499875303
2.9652607858908797
2.8112592970712997
3.0451131124306383
3.3958324557347517
4.779801879358212
3.2110575442229505
3.9617634989900914
2.977935048077278
2.9235869377418906
3.0215556931579757
5.770632183836106
3.486718504420387
2.957720851083395
2.976332008196009
3.031010953811001
3.122680218268766
3.125238549739678
3.6358447672485235
2.980603511178174
4.7156667758587565
3.282604318763121
3.4289418325674497
3.8187287441547397
5.0888895569984705
3.8685986489964397
4.833359301002313
3.199842563298795
3.4866703444059577
3.1088259758669845
3.4200292350498755
3.5992941564119403
3.836361171496769
4.386041223025272
3.1390196382022464
3.0369001738284958
3.051333552796128
5.291461578228519
3.0507571476456157
3.403114194970415
3.7390624071170806
5.127609396106725
3.054423720989833
5.538718272296018
2.907103325482412
3.0455064311005557
3.6141533462403412
3.6768568836012125
3.3433081164575356
2.9931793576147925
4.494441649625195
2.869380658180542
4.324861618604997
3.1688919512615055
3.9409961450398714
3.518169485625293
3.67041744290744
2.9743074606077653
3.6392574825000157
3.3168160571358447
4.247581897545116
3.2536991551392416
3.9994486360783643
3.3323259772025966
3.554456021748705
3.06921285656413
3.0909849835034744
3.7046125583143814
2.964752517447195
3.067598686495878
3.947327249516829
4.478389177786705
3.0284775432935644
2.945981848779716
4.7630335275625235
4.338629681397454
3.7864186641470923
4.040568060702417
3.781563760227833
3.5165997657740737
3.7543879486870795
4.91229404423531
2.9074231093460527
5.960853670335964
6.09599979134895
2.853091359566405
3.14857064037341
3.5151131951058403
2.935739017623902
3.455635289954562
3.310413254051155
4.736460442910088
2.9934697708404707
2.8632206839600194
3.0289371275386667
3.034925448003828
3.51924194048612
5.336167037553738
3.0933106401687205
3.6165448554996975
2.991399721718228
2.909481826138231
3.4821548602491768
5.735744066513616
2.8671329835096797
2.9316983127811085
2.887913815400516
3.110588828713823
4.652589030156643
3.035511146501482
3.011462013159198
4.481497381178791
5.276248264090218
3.566940320803667
4.102508194988384
5.337898635895499
5.806049958369539
4.741238735545769
3.0147864195846465
2.8679407401558974
4.88829854472853
4.141559034905995
3.7434193738101604
5.183313636856236
3.893668259342944
2.8983843323119967
3.667442289569764
4.030061471159763
3.06747778868899
5.2656672494903844
2.915851160723833
2.895247893966612
5.769688028114402
4.052477046008313
3.233905799358159
3.2123462633001174
3.0834366339077413
3.5962340225186806
3.21030025556715
3.245393303044558
3.109492996888329
3.181246913857038
3.1404243140210797
2.89327938267173
2.900016080415838
3.8247941530587255
3.0662803559511644
4.313794261999946
4.884144002033306
3.184618313427754
4.472764803679588
3.2932398534894425
3.416922221632478
3.48149095391606
3.2270799000125465
3.0321419866409407
3.3154758110391427
3.3173598164393354
3.0810321021288676
4.062105486096891
3.9054733577210357
4.078943345214567
3.6907539734422494
3.5350015676100375
3.723349551416864
5.1209358251407195
3.140011578846347
3.335922253196071
3.0697087810638464
3.2911420482404297
2.9149567768281823
3.274544901212839
4.039299415038494
3.444622713785403
2.938289113889613
3.152306449832644
3.4768025580489432
4.834958751684649
3.3716466370849587
3.4261182551130513
4.609989679511125
3.073402116781445
2.8610692565108757
3.325566080638311
3.822400641394675
3.986041667364854
3.693350864811667
2.982110837082409
3.9846074986314397
3.017258383375458
3.8212034642568415
3.869627793296569
5.119455727431775
3.1870041806623535
3.437292946574251
4.3735543529721355
4.843981260460953
3.0667447998207287
4.809232488806849
4.68571401788389
3.606511739716346
3.0450518492285985
3.528076817390271
3.649372359824793
3.264410787079414
3.2673082113453322
3.286781844179613
2.9846388736895553
3.1625014844258414
3.1963473408660277
5.270991750974838
3.97043720227304
3.229096544756636
3.6517525251628173
3.370875855020027
3.0725265257999443
2.9439672111451616
3.389190887294996
3.7808133372150787
3.9720891932306186
2.9811480305871996
2.9249363419532206
3.109054911948438
6.064738227492212
5.513288959927456
5.374437561224339
2.9592233174919924
2.8647697575508233
3.1657799176288157
3.0065653869866953
4.687610446414589
4.628837189403952
3.8246819319095477
3.420240032727496
2.893498028885019
2.9278829369325763
2.8562539243795495
4.7741294964721535
3.641218536562768
3.204980022660152
4.179337305609339
3.4627492488946228
3.1222024659002265
4.614310017275048
3.191365521362613
3.600196464689591
5.5774276166147665
2.99088690989655
3.091099212366479
3.4253079457208484
5.669183602099212
4.176782618188615
5.661984496450859
3.111536974249963
3.612955775607793
3.790292133905188
3.984971859012525
3.275981000045252
4.180590502524546
3.997614876923744
3.209472683601834
3.1083315823893303
5.182224518229447
3.9830232351765633
3.062775633094593
4.152998463897978
3.9068414918925964
5.061980603841676
3.113321744911071
3.3900051455328746
5.425610811103537
4.806961226064431
2.8691717361562743
5.079883865854227
4.732163153047312
4.057734469814052
2.8959650596585997
3.208059907792255
4.722370600384007
3.20714139092929
4.916718164510239
2.986947887130519
3.020628122093791
5.291494847198107
3.0533657104390146
3.233213551557513
3.0481432180790504
3.037213389692756
2.9262314684216966
2.8721146209069093
3.6212269471463023
3.943200089110622
4.139955271406358
2.936255370862008
2.971190452366547
3.0556567762174565
3.604740813318748
4.034938353677724
4.070386028456613
3.312658843611466
4.77216017547516
3.0262130174577297
4.0239244260198115
4.27869098647887
3.706464141995479
4.389138114017148
3.6298892119503243
6.08050577874364
3.1247047974975306
3.2785753658410135
3.8057171438518695
3.5960339903624075
3.5530031771209147
4.267257256786232
3.983211889555051
3.1275121016013956
4.1686376859205225
3.5053936422367618
2.863702786788163
3.355164663470679
3.131483761194217
3.5759449313026512
3.3348411301719154
3.0463812295436226
3.2671564509348423
4.795653509616462
5.122318072942458
2.9664973961410297
4.538744371845576
4.160231327013567
2.9047710694510758
3.6753434297476644
3.285937633007441
3.0041398396232926
3.2022987464157495
5.3377970506458405
3.008789667535058
4.483957848289728
4.290920873660639
4.148237607756216
4.990573894195311
2.894267657057853
4.00318481462468
2.9382454388431185
4.597211223094885
3.5135667987119747
2.8702521427664047
3.055118257957705
2.8692691833552146
4.218418053322549
2.897860638080847
3.5417027629855253
3.3131082970998786
4.717240914733908
3.4332250030084226
3.0312545977492897
2.889609250365061
4.892464225679804
3.3814564860206984
3.1177320649924987
4.722095703785152
5.34001546857146
4.260616863506266
3.1988011710747455
3.249350494995006
5.300071263888908
3.9965520773842993
3.292913518282001
2.9042103830126376
4.8550618108248536
2.9195673655076275
2.8386753981179074
2.922139573407955
3.0796412214388704
2.988589447638175
3.383201693465555
4.113582113475147
3.506529917575584
2.9680407035771847
3.008063015194029
4.485678407513134
3.9361418472883787
3.076776378132636
2.9591362117463236
4.6613561747332115
3.048790735258172
3.426318216120646
4.704449764764245
3.7067171425419687
3.341494045199164
3.826974921244745
3.6591250656181273
4.350468884476808
4.06929549893912
3.579303218965319
3.491780642269655
3.350198794267436
5.275575239489848
3.8119614658005627
3.008430297236042
3.0945416639492005
3.0167167368785606
3.4496201773597206
3.077877159918067
2.9478981059440095
3.107132674450318
3.4229145808273382
5.140374499187795
3.079847315959126
3.4150619564932305
3.0169538187844944
3.3556793095657627
5.744580291924792
3.47953367322918
3.3365322489697284
3.3075074959379744
3.458819183669995
3.1712987753764756
4.0634399088059805
3.420353746123417
4.8054139016292865
3.4289612772849756
4.3752512586154335
5.116574980887094
3.326264931789055
3.2241565043340503
3.016341380052569
3.3719334771501486
3.8268188422412637
4.009930234960198
3.013623924747956
3.3306241971061397
3.5695932055778075
3.311313880554124
4.609375060539227
3.478510468174534
4.834512463148335
5.252398582028354
4.27715689201203
5.097035027149293
3.14087112997026
3.322128236503869
4.3210106456310715
3.6235033342061627
4.036769015773841
3.3510574173650043
4.986214112133121
2.850526285998016
2.9101737965090297
3.6624512805639338
3.4211708150554676
3.0807874657581014
3.7041495496930184
4.6160921699529815
3.905097184806615
3.071260480143292
3.8272614118396193
2.990542462507201
3.288092125678662
4.379428249041772
4.957636717735902
3.382146903507358
4.010118668744117
3.5368244934667668
3.657105389755856
3.3672171212465214
3.986594822941731
3.2915170337803628
4.208467479519783
4.129358443784569
3.9459675110020087
3.572777648792239
3.5274228057655677
4.519236042417189
3.5397466717742923
3.2411532193044006
3.769391791524259
3.394773100375802
4.15117246428471
4.622150394417515
3.6783212972388775
3.4232639377590575
4.602007825410578
2.97213721354405
5.130830454124775
2.985442903796234
2.9060224357479116
2.8528424234506744
3.3986856610484395
3.7303532483683277
3.3523611223421335
3.568464379803969
3.985894504194027
4.859073066178531
2.937284559512923
4.918719639020153
3.942196854963925
3.3213486678777766
3.0596741647965278
3.409478061105315
3.788230492100811
3.0398516022274205
5.045276994829898
3.4945152638020627
2.808660024183894
2.817034693563427
4.0297524696119105
3.414805125444706
3.373750865476875
3.050683953899881
4.320554178412475
2.91059732348017
3.3742007105168925
4.281284201818028
2.9397058035121155
3.3569927520978196
4.009694848305678
3.7828515454709764
4.663902028456375
3.0409167769480607
3.099878570516644
3.012666371707166
3.2719626639578445
3.350645640386446
2.9252345332842142
2.951861235807235
4.339106613749799
3.3357958321924195
3.2542128251396925
3.916089907806988
3.362267340022333
4.3792932233945585
5.118845106500721
3.3071153806516547
4.002946986298891
2.8856495830988846
2.977564359186969
2.9180705921663694
3.1647406693609073
3.8248546705741595
3.1106109879438346
3.21294113624687
3.62427436214538
4.21462869605573
3.3868315107578715
4.106323193584222
4.001640044047878
3.8673862813331383
3.632873652095536
3.5070553756568255
3.119116221729697
3.0513058116782363
4.700474439454817
3.913356671083429
2.914253286178778
4.738662578378704
4.905257994374533
3.492768378598224
3.674101697914163
3.2850500396476585
3.1772786094204024
3.0810347458900864
3.7415105438202345
3.423135182467913
3.646785841748633
3.7765460389982755
3.4456280542854714
3.3567097415092015
3.5619787530136704
3.5393600373439225
2.8576061160964823
4.9955347032676
3.220741157150232
3.0159677671119267
3.95172074278787
3.917794027870235
4.022830615352493
3.484982640984917
4.058204541840932
2.9258679488338943
3.8105931734411143
2.9405270953197657
2.992895979976308
3.0661383307248
3.825281879941999
3.2122165740533175
4.305716798989844
2.956209574582928
3.086623882719036
3.079285895664909
5.21309790321891
3.99831085619563
3.520095042888702
3.3277149641153403
3.416835225920612
2.886686968163807
5.352107089069314
4.062695476598556
4.791058119171453
3.0241865070650347
3.6239828084000543
3.1251069955415582
4.043441401303981
4.058689617817119
3.084713370236939
4.043213537856235
4.616650014465281
3.0650573794557903
4.278551185887868
3.0187069006754843
4.069466108161416
4.004662492784512
4.082892558930514
3.3086180272925683
4.766175150248144
2.8899703668921064
3.4555714360342256
3.023077851511819
3.904472269543317
3.3851125125479617
4.96194092819912
3.0730982987956557
2.9249910126138774
3.4769433004713006
3.0079682818402844
4.687306375882612
4.687306375882612
4.7714321718382315
4.160802800565808
3.5621445050510734
3.20687171307601
3.542915922696155
4.291047507535766
3.580697286753815
3.615070881069556
3.2524575333127377
3.5123263669629994
3.9937273373903857
3.1928366949200986
4.887011056626164
5.333784310720418
4.49984218864231
4.341213768560151
3.628242944644694
3.870529938608256
3.417072177484018
3.3404226862378614
3.4965957721933836
4.7708492202732495
2.8835144791752123
3.00146934167845
4.192907449103469
4.072831767557977
4.594426288716147
3.159204951426641
2.9242841164212408
3.907680018183841
4.398015005341375
3.162948692238634
2.9317034133348585
2.92382766186251
4.376193285471247
3.0379439334211433
2.94162738946094
3.323684878410581
5.156186495318471
4.8022923719135155
2.9164515802976445
5.358417468239497
2.9993804353229763
3.683708246469431
3.5398107204099403
3.624975263354149
5.284061497685768
3.78451460199799
6.208762538879897
4.067708474219062
5.074168969995626
3.1721826858780973
3.1271285226470678
3.8285881543343514
3.567854592722078
3.682789530440632
3.760453678820765
2.9919629382167514
4.511123999319246
4.4571967694085854
4.3122665530999225
3.043838562810653
5.587747580333079
2.8207882228412933
5.154170526887069
3.0913393856762927
3.985169164587479
3.2035779535149422
2.84185376234631
3.0189368827895473
3.4694028047619585
4.558303361376551
4.484987635517484
2.8702045309815594
3.330920867833001
3.8688053652996626
4.231307692445652
3.1437531396968517
3.9477956145068753
3.6095457900762837
3.0994267034773606
3.272488117300849
3.2955609065124003
3.154142768787427
2.9869956727325637
3.924524705662413
4.375294140925925
3.30452240325058
3.0027755111453094
3.0406218154903963
3.21737851248551
3.5746404890442505
2.949933423491128
5.046851576234643
3.227337606150646
4.205578904110062
3.0048686519248284
4.645745457830536
3.051238468635917
3.0560736657718484
5.239605962698044
6.12040440704992
3.0211329693267133
3.6562052965942597
3.591275131868393
3.239900069692953
3.6091619077349866
4.357373035942086
3.3660176964563515
3.208985000846706
3.7327631968523063
4.131338631061722
3.545757591739579
3.1395436595069355
3.153048648286555
3.0369184806963374
4.149041310027768
3.399865661909499
2.849863705663851
5.464357611339652
4.931946623324274
2.8367943510077858
3.9840474434208275
3.1739451400122323
3.123177630415393
3.052640437490329
2.927548282912009
2.945894567239792
3.749792395342027
3.906167113002752
3.7505510130522097
3.7537721190402586
4.3781564403723054
3.4911798441901545
2.9071756912913322
5.394633134454204
3.591259032630394
5.494863800720427
2.860863378637344
5.611657597627602
5.342711974185423
2.894550537342032
5.130900885552757
5.3843581548372335
5.27085078316217
5.793927093562607
5.4107897712960416
3.3720641398203495
4.888446111581958
3.107328408685067
4.939341696574521
4.16717453561475
4.004370437026212
4.419247543680634
2.95797794324396
4.16269369504151
3.3384394605019843
3.3508072246131597
4.333776172309654
3.9017577663630263
3.068180494118875
4.940829900745983
4.296565139779551
3.295901622906596
3.836635751332228
3.1297323033013553
2.9645464069044127
3.971213471384379
3.5240459722874613
4.232532943494477
4.844102233908648
3.2992714940118275
4.649832388511799
5.435435847013831
2.8760582840268043
3.0470775956972105
3.0265016296019436
3.1931046276756905
2.9154328244506416
3.4199460258975787
3.104649296901909
4.207679121783398
5.166322883806503
3.748763426789053
3.7987011408256537
3.9104199873217813
3.6475892992052565
3.4513669493393886
3.6999665271798516
4.420542361251108
4.345951241554704
5.279470780462766
2.8830334521354106
4.317842313944102
3.7705388388445793
4.7903935909008455
3.035518058271125
3.422633879180144
3.0489167361632075
5.209074842406934
2.925176265477766
5.69972713550876
4.026440040290819
4.158083358311388
2.955502051453914
5.732702001263397
2.9700540834755014
3.7364158653999953
3.142779482412587
2.9641374436466936
2.871912488357983
5.490354103790025
5.102225267852422
4.432681137033871
2.984078264797752
3.5893408650628085
3.5934133723298927
2.923533833467209
2.8842818078854626
3.121039749599297
3.593621772323027
4.135982654055954
3.0267860714986137
3.1531928429502862
3.235009700516097
4.455210213765908
4.062423476612505
4.671991866058767
3.433055017030204
3.4048256486240946
3.5665056251361116
4.924246895007035
2.9966423126447563
3.461184668475106
3.4976246762103984
3.082166611150534
3.4463028298949183
3.2845180327554693
2.9424629625314718
3.3646183826624547
3.1859140344118497
3.826736406681622
2.9131995312899663
2.948773382820528
4.026823973345038
3.005550491437374
4.993170784800463
4.622905526107207
4.941461131505315
3.1361403700381048
4.630052316570105
2.897274053123507
4.945337898221393
3.0031011305360336
4.591423529059088
3.5279150483925474
3.9813163928427135
2.9404396221739844
3.3772827948041275
3.2502525115040646
2.907349832154703
3.9973389335048304
5.009367903771474
3.093117075116359
4.201792984259743
3.3972625839363375
3.2453783330744734
3.148428309283699
4.1194522336848305
3.420169576964173
3.986176705178639
4.164257816128943
2.9328530005680413
3.907387240862593
3.356428770945105
3.873570862685014
4.760272288099185
3.158489190431789
4.210877898220772
3.9387215374414777
3.7230380434013037
2.9345950097528792
2.9235018734996987
4.084685566454034
3.2601450030924273
3.493418698062878
3.0659880161055684
2.9533429661368054
3.5966963093281787
3.4941372266872097
3.941826142723341
3.6384064543191776
3.0464586155271185
3.038844479290562
3.2588772239812323
3.4379248551611683
3.459331829832249
3.3412293294714415
3.170443574321442
4.329670747605024
4.909640129933947
4.7570453915754465
4.507840435612814
3.586873527767912
3.4549118227394797
3.0042457645847604
2.9578316723007765
3.1395184279235764
2.861252767581313
3.592879398357922
3.310089939264182
3.6327854886611926
3.4740020711197057
5.381459311547465
3.524321518042391
3.285539762964663
3.1405699234384166
4.415334023140985
3.1859978911337175
4.970794296615591
3.4889176934253583
3.2067452331510102
4.567154119768509
3.104058072122565
2.902005744864878
2.981382969738726
3.320031612358904
3.371070504159275
2.9658559460817715
3.975488006248761
3.249069702171704
3.027391996392474
2.9474243673071445
4.8527805388287595
4.380454254735154
6.586232376127466
2.8799680492429935
3.0506720973544477
4.519089244807276
3.489810877079065
5.328535902767616
3.2719836228501116
3.729963403413695
4.84429040071735
2.9039695816662503
2.956100804051728
4.95201487843982
2.931928407009603
4.630454209378435
3.0938097131158973
4.095865738524163
4.403591374697267
4.4285200442210915
3.2679148559189515
4.024920109712805
2.8978377215825963
3.338290288056578
4.895894667448356
3.0740690254144893
3.4288841047909218
4.651624058535373
5.540522087253466
5.345436594570083
4.837809519425559
4.668144971973206
3.2533667384732947
4.674298209181142
3.3355399713326106
5.141638068705357
3.422743770149351
2.9550216583359994
3.886054701632047
3.651316682719525
3.554277725564469
3.5136722202127855
3.3452260747389198
5.235882591742588
2.995198395361122
5.11328380761464
2.983163021948911
2.90484715682803
2.998018322777048
3.979694828074047
3.948680443522038
3.1865680724723253
3.6289438737642348
3.455442431538331
3.382599364616735
3.952011341730766
3.1160215581983897
2.9628540592827486
4.731334206064585
3.7647387368040794
2.873811934467075
2.9165831371281676
2.8921607282919832
4.445422428719468
5.147978683175579
5.259479385003028
2.9059844764535665
3.08348320793856
3.1764602128899897
4.987434460428483
5.00974334206805
4.920623622844056
4.630177687443178
3.118911610749026
3.1059521800370056
3.826632222329248
4.275926555663963
3.408461096404278
3.6762630512159875
3.2240025268429147
3.045654804317554
3.5061547064698413
5.6918906836106355
2.886024293778525
5.992343380114511
5.811383797952035
2.88893117924168
3.3694181340977067
3.1082976459996026
2.967379660510896
3.099264253802602
3.699350066335489
4.77512169873466
4.057873823324511
2.898853958050438
3.9190313862964503
4.909106263094075
2.8994654152471373
3.096167797863541
4.050681514702663
4.849144469845872
2.9923602022849094
5.233518296047487
3.842527919442876
3.1936053751253115
3.3688933256852227
3.0757642204692957
3.992877370093156
3.9217737202500866
3.339040575563735
4.434129574299117
3.095786350468697
6.091118776396906
5.867018934559676
2.9342086486754573
5.154408405705104
3.0985992812841014
3.960593781534811
4.885017228632313
3.4498712634839257
4.412643323100566
3.2712544291796317
2.9452782030135602
4.997470462646345
3.051395492059555
3.7846794272298574
3.6429549686394354
3.654017247049377
2.9051437438349743
4.333844483242791
3.071575037111048
4.081859357169485
3.390237731777925
3.3208426841727055
3.3696904815793323
3.1420657750761363
3.6379334334705344
3.9315176627438504
3.859018300072033
3.7683258547096603
3.1976144381640337
4.384755477521535
3.2844049294673097
3.2772779644097008
4.092757655175668
4.281996243696852
3.9369538942801676
3.0434614269005476
3.039154065683064
5.835127614500997
3.1694792863878902
3.544728756138834
4.317457185079058
3.80698947551286
4.060606318311568
3.378826941990398
4.123710378617864
3.42116131045744
3.506364148682673
4.437282848520667
3.842177466528266
3.7146091631634475
3.812509515075892
3.0040026547481196
5.791099662472368
4.506394504177277
3.0814689418259738
3.1095144254149414
2.918467229254492
5.318339976767467
3.043753370133726
4.00991036457206
4.063461067047509
3.017163779385802
3.1163654434640726
4.370816920537289
3.18576263641723
3.851842742007384
3.937474646690916
3.930881214515449
3.8893193548920433
3.564982118547594
4.77780238889652
3.853765991806802
3.9323348464709715
5.099713908823574
3.117709131768393
4.511755444724528
3.190792054615723
3.5234647853436103
3.602157188926704
3.191858669128619
3.360157864407381
3.5172678616616957
3.4053959547606443
4.121694176742946
3.2621498742753685
3.2308738353365984
3.557965833562273
3.3745744094163213
4.85935306440779
3.1782502589576627
3.2582441243356746
4.315382056373078
3.54800045251145
3.681140910615521
3.079723196692922
5.6815815694579745
2.86910462101601
2.878189269062167
3.7117770723753813
4.383819367078889
3.402972640831196
4.685610455360285
3.8247820472676106
4.586213459403121
3.657705673853326
5.885548624491698
2.940547207270555
4.865582981987269
3.4075474408388757
5.051619970437768
2.883459100989715
3.071783604362741
3.3506481187651627
2.951397805434179
3.439904022679035
3.729330671742272
4.690670266781554
4.536757594709178
4.695416418367025
3.629386760031835
4.210816748501615
3.6010414565292184
4.66885946066755
4.519766930581401
3.639253582444708
4.366641184672066
3.622623167345087
2.984615659856639
4.197393358720579
3.276918186254856
4.436954714691467
4.090686456436712
5.575980290006532
3.511030487034644
5.423094047503315
5.37431311031535
3.3838021645906844
3.6188600371041475
3.5426486561897366
3.665492735588419
2.8427666262049565
2.853632558573266
5.908178366968594
3.1782068897206304
3.9887557241352156
3.4752856754000785
3.1983970981138277
3.75882452409102
3.013748608736808
2.8499505070418145
2.8360888650346148
6.27311536718184
3.37021280512122
4.598072371126557
2.8781906465327456
5.17140961095446
3.092643187575276
2.8922492346352175
5.151330226172796
2.924453046521628
2.9018830070222537
4.420223513113464
3.2143639768178693
3.600450441784389
3.812934127243013
3.1757267710958565
4.039427936909213
5.016170708571563
3.591837469485597
6.063148455101483
5.741300373185812
5.5670052593936585
5.55882104624703
4.603867343920382
4.736459620497315
2.870362437003891
3.0739410069755553
2.9918574422967428
3.0122525537006335
5.560831401331441
3.920616872998329
3.1748719175193862
3.5314064370760097
3.6272414857012842
3.515211930395486
4.69646122077911
4.226386037051169
3.7308371214515166
3.2306069738883822
4.206964421357823
3.0240385007547714
2.9190857155742536
2.857584362850913
2.86921766954642
3.052215983042968
4.102609177807884
4.6660477766778605
4.793027093104608
2.848879868852131
3.168524064969077
4.191706736579997
3.3843280677037977
3.041742974199892
4.502996622155423
4.546776396113416
3.479917365239629
3.33027345314188
3.4074571972465204
3.222696577071885
3.3186927789892207
3.208854698353819
4.273256872118817
3.957497619058503
3.705576826284595
3.5863153534627843
3.301377712799285
3.038518721026816
4.768861189213081
3.8425651144530972
3.146052743613953
3.652845440409072
4.262890824216135
3.149456006707868
3.0103980972100435
3.045836913691537
4.900245355944463
2.947675606957299
2.9774319045419295
4.80900793582051
2.993204230453983
3.261961252923098
4.159918923842881
3.428463366516759
3.7791473962765503
3.4837209013543986
3.1785080271198964
2.8683439742712458
3.0673157004188156
5.059934353257932
3.188358517974203
3.8055484869175302
4.200157368316119
4.719319607323335
3.039420204713751
5.289444026323043
4.009923698012324
2.8797827986898508
3.746617759759916
2.8106649422419046
2.8841343221017857
2.85960965245861
2.860005233754736
2.9810366692078776
3.7046183327074957
4.048156256746268
4.041973927207505
4.11528219056788
3.9152069433734615
2.963736091324106
3.778591078747187
3.3741452742840714
3.5086528689440373
3.3161202531748892
3.49498123559043
4.75107011081898
2.9439090005370936
5.350401546074643
2.8421849088470457
2.874278074987669
5.145650770361587
3.5219621850493197
3.5327343728302867
4.100725861837544
3.158196931517209
3.3486369593281102
3.6519869195476824
3.615394818042091
3.8009034094336096
2.880140734418683
3.429384561873047
2.9671081278497913
3.6594990965802587
3.164628866872383
4.091820136860436
3.950207639529391
3.6033899033950973
3.4311016758179163
2.962927774151158
5.735409431950057
2.835536462583642
3.012386133896352
2.8352400269168854
4.695063251872767
4.49466870571408
3.1663046931051
5.211274014701029
5.140349787678847
4.546611766866768
3.3076606491875182
3.9806922822428508
4.504046005741397
4.265205403087531
3.2102710073051863
3.1122439649301117
3.6029023806136884
4.106709553044492
2.9241133346948422
4.715806587001041
3.0192474263222726
3.244038546700188
2.8525009741082323
3.1428048044004395
4.123085709460747
5.084484042903153
3.0682321256168863
3.3859039982390517
2.959839952706189
5.152531682028952
3.058001810663633
2.8859774201985804
3.5786203466964994
5.014844432825314
3.6684366193590474
3.5560057476271565
3.095598188333814
5.56306471887277
2.891897853367861
3.7850991086619485
3.159319073192923
4.195847764470221
3.164019675155934
2.9944594071773345
4.096862383305727
3.2863065134323057
4.040493037154776
5.0701593966418415
4.437752701814528
2.9038981007166607
3.0535417025039044
3.726695635869345
3.253754024520437
3.874907686988075
3.583047528245623
4.164379831450718
4.835906536050402
3.352812200932626
3.065240254808428
4.995369865712507
3.190588243728585
3.293994715717873
4.128620659262147
2.970173001850012
5.347210806950056
3.845850019556967
5.308163514347667
4.585774581808425
3.0997009102587687
3.9185151268647926
4.10687926766201
5.552208307099919
5.681412745717466
2.903082271951897
2.873148077960959
2.8514712260262396
2.971221896490463
3.6859556643143936
3.082845786498738
3.8144721271417037
3.421495256164675
3.4916177145172362
3.5849790006487767
3.8289319964360495
3.1967627081178573
4.658345054157098
3.0167553353268586
3.5341887289230547
4.037874905619066
3.7251310311720722
3.7764637711676725
3.627354005248697
3.637246271858982
3.5373809544636314
3.1124569878411084
3.6389859306028245
3.931573438926592
2.949420078947382
3.03984458867934
3.217173651516038
4.909502984285567
2.945503870136295
2.9054388415641608
3.330890191173496
4.039436952511083
3.333156966196511
3.4049584329066986
4.9152768484421205
3.3199290050151045
3.9608883459428883
4.569722824165046
3.01582314958855
3.907279536066934
3.42565053360656
3.8151492868899104
3.1463263994522634
5.707169047903777
3.1344771967203604
4.86834587664478
3.29150217055462
4.827696318619826
2.9725492152487614
5.940518709177167
5.440467547054762
4.667720176913224
4.284031400832253
4.805816115574542
3.4984928753224183
5.893643257165622
3.9080647184418495
4.454848870656488
3.5986540409667485
2.970807615435851
3.325909996080257
3.0474844479780447
3.367060399703358
4.893624681964066
4.451600100791728
4.899423955348628
3.6429279717292937
4.421022180227889
3.0338635529494407
3.2010888793348022
3.310325717364128
3.831806908992135
2.893780888237707
3.7564674055801834
4.124292391296361
3.26933312608256
4.785214831658301
3.3274949116163315
3.0737338425522567
4.386409594924464
3.7711326026317304
4.0091806864040365
4.582752591944094
3.458600890902821
4.87745622617634
4.4350138379836945
4.524580967576172
3.070899321368289
3.0463041948234864
3.054991227905333
2.9765802157284735
3.813811302035832
3.4882098919623727
3.648449242417666
2.9732121228923396
5.54643382436651
3.556103935073649
3.5438451230850685
2.9870349334041304
5.065126501032401
3.3499059668827957
5.836414227306047
3.0221137850321895
3.049229978618792
3.2270161462959894
2.8700997663720247
3.3865978720667433
3.0441965209596615
3.7890215955827187
3.0093981058146033
3.0394807134504447
2.968561953254663
3.614908696443022
5.144013589528393
4.552585386568516
3.1444469472266987
2.9230025874556342
5.709823198362913
5.62477895955837
2.92935023966129
2.906645313693149
3.597194482103052
3.1385071721707107
3.746067877035266
4.48253914025769
4.798034926205195
5.268861757054751
5.895788112591438
3.208122852798823
5.8736396478499415
5.015776680598651
5.755081481216656
5.909394898404486
2.8682693956315037
3.1214607775152503
3.4727026292143632
5.707740686800134
3.1589360227561514
3.0746892071341505
2.941222497430938
3.935249216165068
3.190577059467251
2.950270440255759
3.938951414382638
4.1233323532255355
3.0994095875858765
3.3502140735900974
4.336851319256001
2.955586790897394
3.5688432526230365
4.018850632319164
3.1693956873967077
3.0563898857863174
2.860766184358428
3.0837470486836853
4.5375836729379975
4.2309766927543295
3.3630237192042376
4.0718822045996514
3.698397719155243
3.3544601153750455
3.7418307464005327
4.356186495064284
3.128516566019024
5.037730585021638
3.5168219516605617
4.780464648881258
3.5141786013897693
3.2826199881325193
2.9411025579013486
2.989227453347568
4.151718029474523
5.328042620758187
2.8235292576118605
3.1146531346003328
3.599039812121914
4.186797460813446
4.918178579591654
3.1819936971744744
3.4391807457355243
3.035568656003969
2.9628245862860845
2.9192466127643213
5.739691315036529
6.604078396624841
3.22527592769315
4.08706907895624
4.39953205251804
3.464171757742365
3.4551384284620354
4.369400753976167
3.222555362347151
3.050573229056207
4.411452409059241
3.8016004973657402
2.9142583213418005
3.5504815978788304
2.9989826427032376
3.1102908580188524
3.416603446660437
3.075765385149753
3.435708128150559
2.9940619773501753
2.9072831489026365
3.1588274035120323
3.386428106990757
3.190368568544285
3.0587726665426938
3.0348340159787837
3.5244490871116825
2.957364024712752
3.1010451343837206
2.850019392594386
3.7274724994688926
3.024823135171129
3.448707322203785
3.1302221356755973
3.2602179091994725
3.9285117106229652
4.4526339533016595
3.4409519609239965
3.718530505963294
3.2898329320539164
4.353781982417093
3.1066745628918047
2.949591613623199
3.1069700885468583
3.682644253309947
4.076499810723838
4.774467223678719
4.03991576394016
5.5406721840234265
3.6743987155857116
3.4904427364455524
3.616320259649238
3.053712757178668
4.017484516093111
3.5020293143456
3.476680481159929
3.0718859617957017
2.888898417213413
4.098398855995949
4.173581201021538
3.035069388036745
2.9426615907556046
2.9811052521545855
3.579312272652574
2.8348345051566866
4.484276442241267
3.0813784419467467
3.185486090052236
4.387502039575978
4.626333938011137
3.237457159985825
6.062297456183079
2.9392345464035254
4.012299081050074
3.768744982094935
4.771777291231032
3.9737843754358178
3.887618463453867
3.071548229766772
3.3163321557841208
3.177925927529486
4.952643578398762
4.163808249864618
4.535347919926285
3.435788764693771
3.6657763152229865
3.4523818213967523
5.679209405832209
5.282972285912429
5.15045777124958
3.646461372136562
2.9600641647092156
2.838429686406355
2.942848701761291
4.002206078205277
3.310263033471186
3.273289534687893
4.8813520234601855
3.264627437019708
3.023731177652043
3.165073858776376
4.9495789045034835
4.290945537021139
4.12516144653382
3.215762830072846
3.771305517791096
4.770686778686936
4.445261358836922
3.131036158974896
3.795264223674481
3.3576074907121494
3.1988863452137704
4.054660876868036
5.075322570468316
3.211436369344588
5.2459398203466225
3.1202853108910173
3.4379542939088297
2.9852634343366353
3.1943950254371467
4.4430191630172935
5.507536501034868
4.000701448017399
4.418718753588793
3.198526156241254
5.0141155226028715
2.9377894711426933
2.98167392049687
5.267287631796853
4.4919310221011495
4.016137537519201
3.9647009254487893
3.5279910679546167
3.3604280643119795
3.592919638946542
4.234789163415556
3.1137776709332847
4.953791448120131
2.905682156257445
2.891199895290715
3.019997172837498
5.198317256545571
3.3491401597310313
3.155817309554845
4.493712585412085
3.3926135132871247
5.487023713337042
3.4870173372930515
2.8622857242814077
4.104998043513431
3.229082998806202
4.301138508294938
4.098877334718637
3.1154511096715547
3.699639285880442
5.058506516459245
2.8590088888046368
4.527450915558304
3.902733552906487
3.903683983254336
4.335064449443809
4.392103968163839
3.6361916934150136
3.7290781730507283
3.6619484370352993
5.419040184113374
3.535365607148556
3.2083286522010592
3.17216090096574
3.4053066683891364
3.8868049247357153
3.879218533145673
3.7210551682059947
3.955049338360336
3.58640425381299
3.8230468733506218
3.3906664831287863
3.300091167230748
4.0701249834684745
3.262454155793302
3.8427942225406535
3.067576324141751
3.1152477338691194
4.689506456731296
2.81951930526417
3.1982883061845095
3.0262578183265916
3.0750246347161196
3.6234670072152593
4.115921241779122
2.9401268350954495
3.296007350255605
3.001096873683652
3.0128475784138984
3.0474920615178047
4.13119871440109
3.268153984789394
3.0065838868965447
3.781454981351988
3.170177559092589
3.1041213241943204
5.862186782800238
4.620760622763371
4.025657762421938
3.6223133404810817
2.887089614487913
3.598535630200974
3.1740709426318867
3.9283020936616664
2.951916354565832
2.921305168858392
2.8619352148597375
2.8751891409523207
3.418243811620993
3.0614403516971063
5.356251929782488
4.115405364429003
3.9542903449696496
5.4678869619231225
4.829356999928485
4.553397491544243
3.149159846555392
3.488651728530831
4.156244512280195
3.1746639510877204
3.770724904759276
3.420145879974619
3.4763864645609512
3.419924429127298
3.2954395627696877
4.763420965772207
4.146342571192959
2.995784716070404
3.0459786227370227
3.565082803270382
4.968972308204914
5.067652801237065
2.958697326022167
4.433602914112552
3.1669147969871605
4.06418655614452
3.679902932617098
3.326062114705713
3.191305485172855
3.0905599818977016
3.1823884976246806
4.731020014213369
4.670788165879074
3.083044349299729
3.478616771692817
3.0210037768060465
2.9271361819885175
5.810396107875794
5.6852461952357904
3.4535604122941024
3.639942560526479
4.6405058450612975
3.2322028699563274
4.418933509261516
2.9720596757260864
3.57447786645064
3.8560229454440695
2.9401139904266045
2.9205883060102074
2.9065741490877306
3.0110126044632173
2.9693352226678225
5.403600521843078
2.8569717358835636
2.85435659170191
4.092895375748358
3.404862100170696
3.1923006695900957
4.625480292186096
2.878959259777991
3.174316556070513
3.046670741898879
3.2442367887018038
3.3318998186104345
3.4082119333218355
3.524310372046235
4.730254428771525
3.3522819411868925
3.255818399821958
4.255304916040458
4.180598640200287
3.2094231834266527
4.593961303456769
4.8545169948950955
2.891587665594117
3.1148895140146147
2.858376167892978
5.494351349454947
3.4632604935631237
3.8387724367814693
5.602341273343754
4.83092265757305
3.0085117889085975
3.044700901279916
3.5552291879139686
3.670960677764665
3.281830837867422
2.9862856550063124
5.380918515979188
3.30991849991001
3.674460611921265
3.6548999146038135
3.7414785838812
4.986348216833173
3.261865831362755
4.297995540128594
3.615355049726078
2.9329799070084492
2.9417743724723033
5.190948688236405
4.196300451191271
3.584322791130528
2.9342122960790857
2.965437143374294
3.1149228206654485
3.946753136274642
3.259225134117963
3.1747909730940544
3.8591414471142733
4.419898664663714
3.10365544055045
4.364440120992318
3.6319168720968937
3.064917659113733
3.9009660199753213
2.9366545596525064
3.152974001545256
4.753134274641845
4.771341184186425
3.6536952372342135
3.5798744174214305
3.2816200117692436
3.784036236901369
3.0928739912933176
3.4753262948287893
3.496875311749234
5.201933840490176
5.204540651576632
3.867225372134574
3.1607538788002905
2.9269858936329456
5.12775402610529
5.2980794417669905
2.8875288229168317
3.502663223771443
3.270398367505692
3.5324999219226285
4.035326297777459
4.752135078012612
3.4123124449730313
2.9262206126199906
3.0653461993729065
2.9570052025582596
4.281664365521668
4.331811284218594
3.145393920628763
3.9056596694774157
3.8015597992544885
4.342224491674071
3.8856934705406254
2.9887475283014076
2.8065525141303542
2.8063711098481163
2.8031482429550127
2.8037558854856237
5.219277947865165
3.4711912887095893
3.0199871210617393
3.1636217395772976
2.873572418029627
2.902821781101911
2.876422501453505
3.267758808710828
2.9748655341021384
2.828764473428118
2.9955737620542537
4.1124301362546545
3.113406088504475
2.9347317613588193
3.226389037534678
2.851635774998778
2.8639032112895495
3.729069401983712
3.880093111017863
3.872868005504359
3.5798848504773213
3.973098384048171
3.105864440605083
3.8227347937602283
2.958170823637361
2.891461411542226
4.4624427444244965
2.961649791150438
3.4932728921715284
4.112783163531176
3.0713349272883796
3.8361898800128067
4.962614321707652
4.8340910082096675
3.8871069249790327
2.9318094972884445
4.44371711949585
3.3235937757790492
3.5206012503673794
4.245125818848092
4.940617330765193
4.643120113862498
3.3300518640387837
3.912050415904406
3.329304522968063
2.9733607983628803
5.026486875914649
5.344690171378025
2.927358962836637
2.9326529564639134
3.614825174533269
3.457711771271729
3.167260036551085
4.824135875536702
2.9104261824187323
2.8437824442940727
5.254425282793303
5.221281302059176
5.342939562556971
5.339071347364538
3.14390557610857
2.9295004407074448
2.8860622160513985
2.9387069619766706
3.5877806299438384
3.166152529764741
3.4273507112587858
4.282960480595244
3.7680070072452225
3.906413930834585
4.1898240368191475
3.022415372021367
3.0297836227765362
2.894825696367461
3.0967583586660226
3.014377306641923
2.9761870187893567
2.9885146049132034
4.944693415198757
2.9883654552565737
2.9785012950780256
4.040394193406527
3.0286234727507724
5.452136157211594
3.1861006024039007
3.7633015264352974
3.293142371128445
3.1314411395643376
3.2510809564994902
4.4840915315623375
4.890112363360387
4.327567594473663
3.8057279980104006
2.9614618964625263
3.751159351907667
3.227158990618024
2.936627768493068
3.5448591967520358
4.815880775795287
3.673574683230078
3.283366182817394
2.905674526212306
3.33760694723338
4.703101585793393
4.32781874192986
4.264474551128258
3.6129730323262623
3.6608548077535956
4.25896945636335
3.4352235936277613
3.8575562183942704
3.0752724477971447
3.546858020924258
4.2454721363861605
3.0261321194308906
3.297276665865249
3.361155202352279
3.9694676688469923
3.328423207852214
3.1377981630863663
3.2557931460972047
2.9258233789466366
2.866768952158298
3.9594431328647257
3.7705101717093115
4.142714924647088
3.8871016187771845
4.076174543309672
3.224414770941528
3.7070405336127688
2.93424528946324
3.4916936171948736
4.806506005652809
4.810758449109591
4.0225213024225575
3.0989121639555797
3.534199530663491
3.3065676853377965
4.440681320728097
2.981850742895826
2.890948407338978
3.6688367778628694
3.231532843918773
3.0993639086611147
3.5258601509476
5.4752735902768075
3.8720681119954174
2.915877834751618
3.4768241817823036
4.2981546799188886
4.313449673532957
4.045892364834739
4.731959446415798
4.978784032095918
3.168323489213562
3.866007027636653
3.313180385982065
3.076641300566254
3.107861626908634
3.0826596955678838
3.275097897321417
3.988330917064131
3.015392513847986
4.302910643782765
3.658244323790894
4.324684156601881
4.47646429173394
3.315338246640089
3.754550825590328
5.508017879317892
3.676837686707775
3.2089195022424306
2.9824553060361985
4.652989031522051
3.403539819095747
3.4742250718873278
3.1472383032636815
3.4391277854836124
3.155989494526395
3.707142331133825
3.9640274917452123
3.0530795517590716
3.207998831215441
4.308339300451447
4.61993918380456
3.119700213415629
2.9253402147039793
5.453551802875991
4.878877496364261
4.576032165253447
3.051581398322411
3.938253327011683
3.7253403567557695
3.470736043425279
3.510697205206486
4.762517355181102
4.786151324713263
4.199808952272257
4.854463087191901
3.2843881879897094
3.179271256116203
3.465112257414506
3.952377649633255
3.296172496195627
3.046103656641217
3.3927573607709194
3.4453299224578595
3.4953941500695347
4.9771956539278515
4.162677474956326
3.4605180888468876
3.158075535805163
3.44132431989316
3.515186579930989
2.8340239332546386
5.291002565574392
3.19087284785244
3.2623508438947266
3.5245198399120974
3.188555833848465
6.210234879620536
4.778805074447851
3.4242768195737767
3.9669842276993963
3.199756895882922
3.082930163459455
3.882876989350069
4.52551971634729
3.9573525069184345
4.4657042877817785
3.9817631615449094
3.053096038699917
2.847898465493708
2.987430738665865
2.821865746005098
2.816986413882222
4.286471795073312
3.0890808135468526
2.840388301421622
5.066470851217794
5.32093740058647
4.186593449314287
3.629563318631828
3.7144846667400477
5.573144381937887
3.783470834851038
3.2696341990996913
3.2758310530434294
4.294028936226105
3.7561202171576733
3.969456907581045
3.376023799817121
3.2924715241737905
4.317119757884578
2.9880401829796757
3.090348240397848
3.282239422708069
2.8592067406005715
2.871705994869624
2.923238338420104
3.0410896023043708
3.002365991219836
3.4578557709653106
3.43506528550101
3.574628993656563
3.3414498388822946
2.9310542558564636
5.272586887349823
3.4108081578657226
2.901366930805657
4.405423264395301
3.7729031805415296
4.0503498006638505
2.9851433129817986
4.076147123457571
4.344387983771893
3.977042063805798
3.956545773207529
3.3239869591557265
3.8902832243647163
3.8104364762483653
2.9155543148439733
2.9554518019485623
3.16432508067275
3.0285586295490825
3.024796772079847
3.515943761120904
3.3125983061295816
4.237566524527841
3.0648503195895467
3.9612707730234424
3.8895960753117294
5.111051699336779
3.696606044059079
2.995351781525719
3.8495164407660694
2.9221951911953377
2.806022550768895
2.8433657938408494
6.195868380567758
3.433600651849841
3.723340758699705
5.3669150841017474
5.679382733491243
3.016513815033092
3.029858744916196
3.375583406682654
3.78252611744037
4.155468387408294
3.8020864709665396
3.6842131746612465
3.0372313081084004
2.9087631945451378
3.147527213800906
3.173476295721529
3.4437971604724655
3.6970325234133745
3.200126473148503
3.675560489649767
3.8423028779296655
2.9431098686123605
3.0421233886292307
3.635494725994924
3.7984482552597205
3.325288244763803
3.4736112368306284
3.488315248462413
4.724850628007832
4.89293037963132
4.045451813017874
3.1236636069506885
3.1981567746867205
3.933444467705497
4.249915395321418
3.1304454202090475
3.8729657588941206
4.1257014719343195
4.507576897117933
3.525038450513284
4.126875945222031
2.984772905782669
4.406996501695283
3.683325439191861
3.2531260933417987
4.709433274681878
3.3230377095036645
3.174292855755346
3.804476232155706
3.1628375422365043
2.8782176108002098
5.405086510332391
4.708659068792879
2.848318684167568
2.9035100651452224
2.8258645281172203
2.962387668034827
3.2591400029022495
4.105972820713793
4.3639768195943995
5.138898907992935
3.578627379618613
3.5407009006658607
3.612320476725528
3.2735817184453637
3.9838500108002832
3.100982576763311
3.32133904665618
3.1504383180373114
3.2515443061719758
3.1998820549728975
2.85148259272224
3.3320260799775436
4.252035349993955
3.2674930900215604
3.791960855947609
4.365944848343838
3.12182213126141
4.674007674019685
4.126784740605967
3.754834250174975
3.8755662087272738
3.7533766329191414
4.601261124028124
3.7004361785167745
3.1691535362470806
3.7290745795873943
3.1017523081083316
2.8020813571497096
2.8072572369621938
3.241746155849092
4.902595883216559
3.0461734247912338
3.211625142525101
2.8574600937729255
4.745960378058854
2.9092195622993278
3.0322343134757306
3.273183506485477
2.919619150047331
3.1062398601838725
3.8069924213583834
4.5769367290837515
4.6048109868515725
2.9122337612746265
2.9122337612746265
4.213342585243678
5.115008745303348
2.975941359472714
3.063244952622659
3.268398577435214
2.822636036400301
4.748292889417373
2.7978746245595203
2.8087715366722708
4.16009794427249
3.4730576740276735
4.868151429201459
3.9155750798455418
4.419309945919762
3.187663825651105
3.591786252019273
3.048289838159788
3.0700897143071435
3.684656106085094
3.8338313252212872
3.2365965456284336
3.030469903080632
3.543948165622998
4.199971533800049
3.5900000546625908
4.605413772426052
4.9060424748587215
4.9634315968875145
3.033503050866975
4.128856040175548
4.273059278761538
5.032598926018623
3.06073497893464
4.210298095122107
3.81833856231035
3.0916250159853673
2.9887122631635066
3.3948347686503335
2.8917631866627245
2.8466499132382683
2.857344105588369
4.140530404663508
2.868123957050701
2.865624361514836
2.9956436336003494
3.4780875039485446
5.473081327525933
5.400789266263784
3.034258108664483
2.988213181710509
5.583096488404121
5.423022720099842
4.887445735926301
3.773322312464856
4.4911951406315955
3.5050982159869974
4.374577032274196
3.706254599527566
3.2885951964774187
3.456280787484781
5.093130144339482
3.7661550775453456
3.1765627401692047
3.0246762010380968
4.335316723114786
3.519450062954229
5.017430034076028
5.017430034076028
4.376637788420185
3.4133329726127917
2.914664273733878
2.8626980796504475
2.8530520771284573
3.746607476765875
3.2229005227565932
2.956824478107216
2.8413235395186653
2.8390989308123493
3.6020955435011603
3.195672650668675
3.607945276057242
3.0573012609312897
4.928838010286263
3.5485240177029738
3.881484743613082
3.594458964146714
5.1895415129970335
3.6348414244590423
3.0133620972998507
4.105534000545274
3.625526460150609
4.872789553081468
4.902943258149799
4.190672650459068
3.316230490945096
3.743344998971907
2.9510759184531197
3.997469240653785
3.461512674202935
3.540194843026591
3.8141366517744846
3.04185559306164
4.384966810235065
3.919373845945363
2.9341639805479147
4.568779922465897
4.035460623508686
5.083300083607148
5.128392088127421
3.003182523876747
3.466284138065145
3.551395733845083
4.094345410263692
3.145220224748584
2.863230572330401
2.863958908521179
4.323646694615415
3.7776512426452595
3.7930741939103036
3.2984815436137116
3.453022180878325
3.39189045173552
3.4764543502108873
4.799275047391995
3.157632004137399
5.084164343305541
2.9200051551930386
4.1026357574934105
3.8511009363537827
4.710061337145629
4.402304992269737
4.36844120577061
3.3831037398916655
3.175771755356602
3.0710981535628807
2.986073031878375
2.89015517611887
5.046553434758749
2.842480384162173
4.298624651665733
4.057407171346404
2.9220900900047297
2.9014740052175467
2.8618701419114405
3.4083667979187116
2.8355551968452493
2.88504707620582
2.845554865554112
3.0409756819516267
4.381536008231107
4.6177372911363825
3.170652023718427
3.5501591492487936
3.4392027508425005
3.253964027184721
3.29319686276305
2.9366354037879643
2.915429726684332
2.9871723367361587
4.160964210222533
3.821626536326147
3.1383200657155577
3.95561928257636
3.360437486207999
3.2587088374962727
5.293009733156393
5.494673060427494
2.880968366763673
4.6052754601037265
5.304243276448491
2.9436269392580994
3.637411966036409
3.5213526999477347
2.974317850649408
3.6906471425104415
2.9105496863479434
2.8496215954654245
2.859542851037105
2.8372371139254224
2.8125458603344766
2.855080586158037
5.834145525228135
2.8230691005622046
3.3275707494401843
3.313001315453661
2.889881156838522
4.156016637105738
3.133735588583598
3.334774182075133
2.8824753129379257
3.9848957154437215
4.225651944597482
2.9670959017828116
4.739965181089268
3.103981652725621
4.859671080748338
3.749975733486866
4.07787326587773
4.761877196976211
4.585933093932902
4.243756767415684
5.077446308896896
3.453820175985296
3.7224703433337796
3.6942019458955473
3.0904950649711482
3.5697731143852294
3.637705029873884
3.2737485420099457
2.90261802712531
4.056956017360982
3.5861155679021786
3.00587591824782
5.921583138322099
4.631381865660978
2.9371105838404907
3.384926627681926
4.920127340200571
4.978471052392305
4.655351178043358
3.7391413309870165
3.909137901061003
3.1638739975833476
4.290643932166889
3.3478606238530917
4.851610690054875
2.8917604961291343
