3.103039732081733
3.714756164072801
3.858517706936209
3.285131151305167
3.479472523573374
3.1111043443453172
5.583260011362395
3.0821246773162825
4.856208545166066
3.3105629135322783
3.509978265837803
3.6048435537019117
3.117304136733063
3.4407295613470654
3.5322198383515477
3.3223381435367205
3.1141005198029648
4.855432798784258
3.270054693023767
4.588054332929748
3.713151924327406
3.957078417408071
3.561330863044961
3.5701339791637774
3.397868709167949
3.2246671036790624
4.72547100796333
4.907791891296653
4.429549197645
4.489993293627828
3.9953916046158273
4.944386752310409
3.2103627463442646
3.196498265891087
5.152541174902271
3.157207433304309
3.2972211764087493
3.2900050511995027
3.207054364011058
3.5291545065617447
3.2457738492938355
3.509834122904296
4.241290578910433
3.353572535770015
3.6239024226232557
3.6282104602594814
3.124329069425327
3.2064720472977672
3.1902605244704305
4.1107364927350964
3.810532405767945
5.057151427990989
4.814029324267269
5.235449260381062
3.8165599028442916
4.915723727999318
3.3872574039388548
3.4056054970229717
3.2105204211547433
3.168882262904581
5.164857751385291
3.531757527295567
4.621867665968697
3.185607284313051
4.387682427300412
3.3013512082761407
4.361691813064236
3.3379514875971315
3.370714347076163
3.4666983353058574
3.199962300482874
4.5899045253814865
4.760998236965985
3.524068057859603
3.6029010990845505
3.772492851974091
4.958933612856586
3.45205265319032
3.861502022173926
4.646726715114696
3.584537736651017
5.2643596668938155
5.7546496562128935
3.4641064873056697
4.516029152928936
3.3327851814026417
4.385248751515276
3.593909082934863
4.355496286409535
3.792776492977091
4.472873927356588
3.9777816393559333
3.2990140390400193
4.868209487487649
3.2403820676953528
5.666653991805075
3.252058429791933
4.239432263214528
3.7997532526161604
4.069844877786403
3.7508377699659956
3.6189119587652296
3.1488642728325003
3.123647694733207
5.0542552354347094
3.3508520915743336
3.290352929023526
4.014124703348935
4.709646016008514
3.2738128940758306
3.533760740885012
3.4571311257627753
3.371198477065553
3.950227522806684
3.7710419799615273
3.742224271918287
3.395980784219236
3.1861861795367985
3.764408479735126
3.5389775834388724
4.210981450162406
3.7630883970853235
3.1176415055310773
3.811832231980941
3.3153449216303708
4.2040810345791595
3.4842179326628755
3.389929906153705
3.2956794834204226
3.286318263889065
3.7970673795945933
3.1010636732065153
3.204030399775811
3.203761246469874
4.23330848181209
3.4368734115897803
4.428927756313387
3.6381418936508085
4.15772878345866
5.102456908902874
5.678711322615996
4.724596620761762
4.33026912159993
4.914820631956997
3.5581409302317795
3.912372012996873
4.483421334432452
4.135733259897288
3.2088417900225457
3.3825756824975564
3.4374814390934167
4.147834366130618
3.4931555214138337
3.2602106959601844
4.3026803097699275
4.583853687552413
3.1800856050759663
4.301020510447624
4.567655053877078
3.3528666537230403
3.2088165320037323
4.5288758932814135
3.5493717651247865
5.712230245062798
3.3053361901901113
3.9269729832914613
4.178419403230681
3.1613536283230608
5.0113445842952995
3.224948206837747
4.127455590069489
4.7775602789459874
3.1846437034463997
3.1532110663204476
3.2886143357963724
3.1140001967575865
5.3452627846986775
3.6366757886204364
3.473843350662435
3.230002321149467
3.5216031774287684
3.205741890747896
3.512000968799339
5.891874667419858
4.780377851068653
4.6087942814239335
3.187395034862652
4.536523681100529
3.2626222995833167
3.233618047517469
4.560793339489167
3.879447731685759
3.2365486619504775
3.7521976391401477
3.8827560109920793
3.1299219274820302
3.1855630741520335
4.388782542746023
3.295317128169591
3.9722583652716343
4.290938113974981
3.290033363923544
4.124036357673646
3.41189819526068
3.479015997537106
3.150381857228603
5.213757174686398
3.215392707041395
3.4761835927871236
4.130995187876985
3.4912120655065926
3.643903563293805
3.9245881114403556
4.200358930099969
3.3965718219995065
3.787636933235687
3.6614100347405403
3.232074011861811
3.3589556522546915
3.865177562673913
4.000943151020714
3.8848500234208045
3.6793800799489587
4.943899716501926
3.204666454042491
3.1882239976521136
4.332467639888757
3.5802394447228356
3.2179875884257045
3.106311959803917
3.086138161670803
3.1500133406673716
4.349554565747222
3.658800035389058
3.794364875266674
3.269423835226513
4.12048533796377
3.1904055573732664
3.6801462731685115
4.110428786955342
4.2287262688809495
3.484214653085606
4.172324524192775
3.6227388170877948
3.3933706045369747
3.9044515390073684
5.3630126865716505
3.7665553219109125
3.511202410599144
3.419237281864666
3.8694654022472488
3.497608926856714
3.434589509419781
3.7661548738878663
3.197539455605845
3.557505075012157
3.255122979240479
4.197838977811343
3.100987681402303
4.670209248058383
4.576440771928921
3.9111547866163643
3.189793265487155
3.241857526841629
3.6144281564921767
3.13679859977065
3.2658593610450577
3.700696205280901
3.896059770036307
3.387565674744575
3.523616253386868
3.9558106028985565
3.8910071416272776
3.244677558269209
3.1023150220918825
3.2020499137278193
4.759423367151838
5.235463755223659
3.2481249523130935
3.6361452343839624
4.244798359956071
3.371545790543798
3.5828528687040633
4.217698069921696
3.500135724222183
3.3446564087463573
3.1644050297833664
3.303844208822687
5.732766616628055
4.90150263061566
5.371153686215885
5.9712012720462075
5.424097485447204
3.124385686849054
3.399811623601164
4.046435764319441
3.6843819971171
4.246526927536898
3.704589490434482
3.615902633193093
3.7117893903462775
3.348566197689353
3.132915512090764
4.848659725467145
3.1373840433298508
3.0916974400261132
3.759341345660113
3.374090579920909
3.934939664666731
3.448544346216847
3.2242510320077176
5.052548552318866
3.795097799091841
3.623996688408675
3.2488020129019026
3.596743784490678
3.2150852596880712
4.055454540964157
3.4591412154496237
3.601858312779461
3.259934565338151
3.173742261296489
3.7618933851467586
3.303101192332753
3.387229327855832
3.7553537229206273
3.4508756299402794
3.2620542272568676
3.9487450682754934
4.428308994339252
4.220170077239399
3.294813972317848
3.461761768852637
3.707860082643296
3.8583252075373036
3.2799535093521794
4.308816288389462
3.3705206118532125
5.70665084040834
3.0963728426871717
3.613963394296963
3.755085132329878
3.2278824491087064
4.895017656544603
3.3267354372144835
3.226085680282677
4.306493895770133
3.250212787456702
3.4179628452603774
3.6660772822713676
4.2833982628953455
5.342049253096258
5.43284523446032
3.612480162851707
3.3662808197741594
3.2778953703887974
3.209458489141341
4.510435214967677
3.2286283138793435
3.1725291965516984
5.4803338906519246
5.55952848349656
4.0769289710222845
3.6168014667258754
3.3414762680483783
3.5370670453167556
3.6435486625082634
4.474400210282939
3.382873264144406
3.1062000575698194
3.1486825432524173
4.28891092974378
3.764990130742914
3.970541002263909
4.1046634694788215
4.4492277904620305
3.14934053947388
4.35726643046651
3.096534073430829
3.705761766401751
3.347019188210879
3.889775598960774
3.79913608421859
3.975414937408031
3.134741793807213
3.3107693292950806
3.2035082673645157
3.464659794210972
3.7777087579730955
4.55955392551894
3.905257744540822
3.1608567814253425
3.719898085725445
3.450185844107719
5.583637488530087
3.6038110753503565
3.1218259424344064
3.4103918501529917
3.8008443906332667
5.255904809510565
3.106486936230021
4.073659391597668
3.241271684680054
5.133950519281196
3.1291272781996757
3.577681499188232
3.769396797387551
4.101565767380906
3.169360650199084
3.1274769630511248
5.928601273589442
4.887170483719206
4.560230599792745
3.078253760409156
4.414251331333823
3.180261459038328
3.1568785804287263
3.300838539667748
3.6667872574082567
4.604132624723013
3.535785737649849
4.028737856901664
4.5685063853190035
3.2366212851494494
3.491811668537788
4.13785259146763
3.1123728452170365
3.1440962866366444
3.2656680494366217
3.1552172387772264
3.668750706658527
4.2934086396817275
3.278725434822545
3.2671878011124527
4.280300002954401
3.1654811442989237
3.1752582591676903
3.313432418318969
3.1730329707855374
5.009120860333345
3.137325555883635
3.152008890561295
3.2142703252311
3.1803327858771913
3.8710283787547586
3.665818928969216
3.1351945832199273
4.784910969315408
3.1084385533098815
3.41022576480898
3.9296938944949296
3.2650295670346776
3.4784693649998784
3.1379023934441
3.6057186720302066
3.1700444742588547
3.220465953955645
3.231660921090807
4.465354275262958
3.539975764174267
3.3085558811157068
3.201047279103575
3.1750466481928825
3.349042247387314
3.5787379751391866
3.7498627874322876
5.15840793303361
4.212417582416684
3.3327170021645482
4.674662030679631
4.187688772693358
4.7840285569683205
4.000936844517843
4.387728032173356
4.654503864114097
3.605777751696624
3.1695462379229014
3.1230368589043653
5.888943644926412
3.1689347396800946
3.437605737681745
5.23185598582142
3.513929349140133
3.192352718163284
3.188148080188903
4.11285810603577
3.440311553704837
3.217551980223422
4.005817840973047
4.903933790022377
3.9096623832600237
4.9705019781217565
3.4575010144866023
3.38665724623225
3.1947587206143133
3.633389608115846
3.763977099244646
3.227779978971996
4.348322008174881
4.414154126937497
5.654526075563343
4.368659845983168
3.0997687716269144
3.8621230727686062
3.312906733032008
4.295391812536237
3.6954790351899294
3.5965692818122603
3.15020466412395
3.3003152275012875
5.150440188214139
4.484464926997636
5.4389138794484495
3.07705343695188
3.0669990867481007
4.163446628122609
3.3274255378295017
3.309719214435366
5.879898151371291
3.161684717397157
3.1909862227085983
3.543279287064022
3.372805585415293
3.17754844500282
4.115302840049887
3.777502926765189
5.033856182212464
3.587971757303835
5.026975512218436
3.1798741010475093
3.1308739352377404
3.840972440672779
3.413763867247714
5.209195349132515
4.746617316371745
3.9450477055960906
3.3814797442209588
3.146369629380695
3.7468329427005838
3.5660534958586014
4.133228440062842
3.4433533971000196
4.098167542676927
5.256926842465045
4.558539305978913
3.629391319767173
3.7861422123746014
3.5750658963267505
3.2031007960880205
3.201752163020918
4.6868046689261025
4.490926109137627
4.115575920641998
3.36598518788036
4.33490032644346
3.3392039005741774
3.2808399930434926
3.7697183674473838
3.3598884398697955
3.3490632106269884
4.082367167613332
4.227001046200933
3.911085768418105
3.1095572973651073
3.6511264984234577
3.083547293127121
3.169185676740655
3.158598184217481
4.258737018874241
4.60039608289225
3.2311026520931865
4.997851273935327
3.323441887139201
4.499424072086517
3.2351732562229705
3.8250599305604656
3.4587987499547914
4.0567223156073435
3.6818092830349616
3.999576802151287
4.758680075701303
3.2420513598570597
3.1258975389173655
3.33700479992186
3.1589077363830156
3.5071858019296327
3.359082269607302
3.506879755842319
4.381443607902168
3.280696161194002
4.483183509830386
3.119461297268585
6.435150575514914
3.0736623931769698
4.527086797436889
3.090665090474791
4.395808649295389
3.1542936327150883
3.598927434959772
4.05189942276004
3.4123171302041446
5.0574983697236835
3.097601249013557
4.036610535008709
3.8639043958122476
4.981830125733769
3.249169014674839
3.480201299181492
3.3811452218408085
3.260795959276487
3.1420357161291435
5.468926351804723
4.817769002583439
3.5742574213464327
3.769500516669145
3.5356709607118493
4.487739330336318
3.2709636890116207
4.304599712430069
3.182236158343756
3.6773310450929024
3.5900596103785465
4.976944986956755
3.2188085381389016
3.2213099606475586
3.600037227937013
3.219363882656022
5.434288370591655
3.111128575280585
4.554944069342495
3.788496920849601
5.526028837840828
4.51253429163509
3.1819275268663296
3.4901104011138724
3.4390424468899035
3.326340527212362
3.4672464787457713
3.258475036344032
4.998009147899646
3.332950587763429
3.5377228267532237
3.6771080745271663
3.2361533931728435
3.4554898168978436
3.203742145087483
4.019513367543922
3.6611443891791433
3.855756556178301
4.865376171312868
3.2211936936200765
4.5291517482493076
4.283928664357358
3.2870620912070088
3.2045324759805762
3.9268941441859675
3.196927489830262
3.303196136606891
4.0972650615042445
3.3520926255909598
4.703254260675598
3.5722791441629775
3.5318498318824942
3.288917601979932
3.3730977322108653
3.3098180627857365
4.099137121433269
3.5579048664473265
4.314261227782756
3.359276528369347
3.5402441949692203
4.181234597767508
3.475147582656847
3.9361340831505958
3.846933262121653
3.308521390095607
4.703000094289595
3.0907952020431217
4.8167533842905135
3.3673293764204626
3.3892697626244432
3.8412677676241045
3.5316838072525005
4.059393445011789
3.541692065020629
3.871500135517049
3.9174422746102007
3.2746724407611603
3.592925291206173
3.59361544422282
3.478308767914567
3.7175476578196003
3.480034730047705
3.2595769770659757
3.2503920198443534
4.728126372749477
4.350477557714439
3.3595508230261717
3.3918049148810123
4.329628371437172
3.110096211806148
3.3046821397537816
3.1857453142556755
3.429582476635332
3.584814783994934
3.8309641642904504
3.5685762335078555
4.874642120196214
5.309383655396231
5.294337688326076
3.1388906405316153
3.591914787598128
3.189568804656976
3.4294981815791328
3.6681789117960295
5.871731504437714
3.5386613951692882
3.9214768322843936
3.35741689987075
3.145555112643698
3.537673026992188
3.2920624056047876
3.364031354044188
3.836856367941931
4.055346409972296
3.4671804317256054
3.6012072972348523
3.4544679916155707
3.243168474335874
4.159798342132313
4.297068228344889
3.3962698595408085
3.304479236968194
3.8879294427839803
3.3472072466227756
3.2374431129316594
3.6132607995747916
3.5285900987413696
3.856348994727433
3.2512224851266676
3.2763037116100047
4.1270066435292305
3.7451250781666943
3.9387994109731634
3.8076567225703513
3.5180059117891966
3.9622089032460526
3.274333855672327
3.838763107240437
3.516193324155529
3.536715681341499
3.154560205268743
4.707179866618673
4.1674960907971546
3.1777522879189375
4.058282005060041
4.393958624431319
4.090377319637881
4.206676251761489
3.3046706015582616
3.8159263227795885
3.150391008354629
3.31988132542424
5.848160344410144
3.1013074893571715
3.2399780452149898
3.2950280625156143
3.5952944240426774
3.3383083260361563
3.5677575139334983
3.1840005232949875
4.612407800813495
3.3526132363661705
3.5085566052158343
3.479219389261787
3.126851085685562
5.138729716709201
4.340456388874431
3.2158766999111275
3.1928731036722997
4.043338098155513
3.435928276748067
5.047880377144099
4.992666313026735
3.1276295476365203
3.297862072972082
3.632198488418844
3.296381480741627
3.2975187519338993
4.435738199157688
3.5999465765574525
3.532649152319244
5.237379001497224
4.74944552857375
4.171612737804253
5.466211738894932
3.7551723460960797
3.6966811860362387
3.561887226322869
3.881302515223682
3.1895045958666066
3.957742497354473
4.666185010266709
4.504507419182342
4.155591510359816
3.2642793165934014
4.376795504205443
4.025419919589466
3.2253880044229994
3.281164450985705
3.633602163558313
3.2646003409411426
3.3503087376354994
3.582146763692216
3.371990848977722
3.3149936591803426
3.3484737829608524
3.6041295743611244
3.3917154034545423
3.3003800990585113
3.4284218662906376
3.6732394010646763
4.035908355980103
5.151677948084414
4.296175661480366
3.459321581954919
3.5095535163838925
3.5573558998738117
5.235634715498645
3.0727367925708373
3.064577327705145
3.0846080547961146
3.23751721116627
3.2862846487299673
4.43798513897983
3.245140055734939
3.5390010497500866
3.5351205412376325
3.8526229941743946
3.882355162415672
3.380254304179333
3.584493728145314
3.28449951658976
3.512912982752237
3.3440602430973567
3.1893996570245013
5.305124990023049
5.954193729248248
5.9267157748636405
3.1477020643333415
3.1175284673544645
3.231811866082892
3.203969664223747
4.662442222179979
3.1701771815363005
3.2622482085811284
3.941809386357698
3.3282191122613236
4.4279154118187165
3.1402447386697103
3.197762182866083
3.5815730843040523
4.898304254266135
3.432148716865398
3.2914035204766887
3.5089963831194315
3.3424498366770963
4.8309410770380365
3.7072938105266235
3.8766254341264945
4.378526955734678
4.584750460455268
3.228928541411814
3.3235707931162697
3.386418304522414
3.2939355454206347
3.460352756074926
3.451805282426504
3.3157592428678866
3.128891908158905
3.17427379929646
3.186216598162397
4.503835170918251
4.821188291854066
5.050622074047719
4.686204867240449
3.821603499307625
3.0896462580645054
4.9392739142863356
3.411957619282518
3.2270148387455313
4.1808705482269275
4.172691607503495
4.096296247399202
3.16445250661572
4.431598544426278
3.3147390452548016
3.124553160016318
3.3346401176939824
3.6411517876034347
3.1630604625430108
3.6279423984251293
3.4686086052291696
3.1487946976382086
3.0994403327718807
4.617186775744789
3.1686104803494577
4.699164242159039
3.281970337087283
4.199753273658059
3.5063329268510346
4.635303204472592
3.3630710430393744
4.046250757165133
3.2590754917281157
3.404584016560748
3.683296097280631
3.82046469575279
4.962760189592484
3.1119256917291827
5.743947667642788
5.116228552984189
3.2885991499028986
5.176441177661822
3.7491992104378884
3.08458854729205
4.726647168318114
4.004982783937606
3.312826627294066
5.372848792317783
3.130655092855224
3.654491502946922
3.5195205898965427
3.340062076144747
4.744372231390066
3.3027730855414035
4.723532064872522
3.1553278398125686
4.187465236191641
4.120356827951302
3.789795299966027
4.072541673867194
3.1980298518842116
4.162236642443119
4.058097974404971
3.434913441085726
3.8009932187330744
3.2069435842329
4.11564222265137
4.281206459606855
4.679456894944116
4.069912861221278
3.6188482838622678
3.550884839237949
3.1301025903470108
3.206437351303653
4.738926181899305
4.5585197107635524
3.424927685405372
5.431134021007366
4.582987360041289
3.11893370398242
3.2869391502876506
3.0778845988857415
3.095858906615499
3.0846813144129364
3.1332075207816774
3.132307034250533
5.077038202053765
3.14001665941187
3.3681267159933714
3.365140812464463
3.400719079175472
3.235555455982146
4.2018406423112
3.2681455115185694
4.929626145201174
5.141534634406686
4.346350280887899
3.5466538788183843
3.863846195411541
3.803241801137352
4.362474624607167
4.454578648337651
4.530117269126357
3.7945420793566447
5.180636124606341
3.3378977413539266
3.233340976437071
3.302024739796382
3.3302629046879
3.383043547236265
3.1661038646560806
5.126363537216381
3.114995035858166
3.1175672683682345
3.3001527462079503
3.1442603984100734
3.863084480662602
3.509738531724235
4.226277866499439
3.799972061238466
3.946044765086792
3.4345217475138616
4.256697575091349
3.3609189983247836
3.526602741582092
4.077000653183958
3.1715724307894644
5.053241494590653
4.575054721333279
3.165752417092324
4.491184716077246
4.241003578399903
3.2735294292171964
4.703752575345965
3.7591401909617916
4.601799100828467
3.3016151189060885
3.388164789924824
4.106161299598673
3.119396653042744
4.2429178536692245
3.088373296650542
3.2975877979336614
3.926478533751948
4.685184639174152
4.249282923139422
3.3648001178563796
3.2744809477396792
3.8042683726379902
3.536108838067414
3.3414727425277846
3.382768322503578
3.8954460490519733
3.6581672297341914
4.724514638623324
3.6526585317991653
3.8155988594101453
4.0902010665258715
4.7669273904755
3.534238128171529
5.3379898125614575
4.017150478502073
3.1824648274538703
3.254975363352018
3.3670813186519295
4.994933210791543
3.400029755529638
5.300227073535094
3.444244366031597
3.133104421179242
3.1439904844089037
4.170631308917072
3.9341246015027505
3.2188730163422186
3.441702328799818
3.582074832157991
3.8414851832792465
5.8353406628681705
3.2878766608892946
3.582934412380997
4.666761942501621
3.3624817809122725
3.791575670035985
3.965391772739629
3.1847240976301436
3.9415455774333257
3.221822028339766
3.095059329072816
3.0630053745372097
3.9098742546901315
3.6058254236419662
5.145457587992885
3.1026918967836394
3.5918783535773446
3.676088137488671
3.885833366572192
5.261588764570356
3.4022660403786995
4.352826887841378
4.906967445016992
3.4463889639402687
3.8195072303195285
3.3557946183897736
3.6151342444701062
3.1239128958401934
4.03672967581997
3.4796222681761497
3.196697455522279
3.9201945841766146
3.4547721995708125
3.874768822899275
3.0913576789069688
4.150394644976351
3.609899654916267
3.2939668195502905
4.79061119255546
3.5928664159378036
3.8190598906797613
4.854938320884674
3.4885523418933744
4.1775177173541165
4.449523337975729
3.130136562228365
4.485868167745785
3.236309439343639
5.499975944552116
3.1521834814600433
3.112198080597717
3.140417222129967
3.083237738479939
3.128605098111924
3.5869057750160716
3.090915149136741
3.167370875085618
4.111158266430173
3.5059662446148483
3.1336396745225255
4.611204030903172
3.367446006072591
3.0860043854249177
4.075360104119918
3.403812827185437
4.577140995273461
3.274708062850574
3.209962337833612
4.832484915210516
3.3041811523454694
3.4422701871233117
3.1404782164150276
4.443666864810481
5.046470421232435
4.2219256689600915
3.3980353678891944
4.686962576310564
3.711243429987814
3.18593982854416
5.391692720514566
3.2032214677346253
3.7334997941203265
3.1615639892584904
3.471173539367318
3.507913763974222
3.238956592375872
3.355582085508872
4.715278038114355
3.7952867782766697
3.729964003890174
3.3393082289409586
4.57533697427409
3.3574761861974114
4.095862627739395
4.910257147406238
3.4397489017394323
4.307185010877931
3.265226321271366
4.063502495385887
3.834055514389691
3.9105835287043478
3.5076841635557994
3.3463016902087714
4.623406846701115
3.1035150663367066
4.162795365538333
3.8171875845058176
3.281627890400948
4.191451038387238
3.4393630690820007
3.306949860819683
4.395229708188709
6.046753732606734
6.50071576487167
4.821718433629589
3.1531682906470366
3.9836881178090287
3.503188177698525
3.4459469272947376
3.1641670199786818
5.422503231740573
3.189641840427536
3.0943648568411235
3.508433614552757
3.2958378223918476
3.7831618925232813
3.3666465226829487
3.27279419495097
3.230489686686214
4.231598993951219
3.221899286248164
3.739601220288657
4.090593607039095
3.2711211279636174
3.2170200725719265
3.3837659966448457
4.060825519545268
3.4932804632192864
3.0760736844187164
3.0993574421788317
3.284634030260614
3.382398272817317
4.01203351146066
3.0838380412174238
3.1665153543641282
3.4053826377354373
3.901145169872545
3.2418980076697226
3.4262299727206056
3.0836443321679674
4.246146319205337
3.6055884883020575
3.3389726727165128
4.457660143921647
3.222358680375144
4.635119265817803
4.424421211732211
5.320002226715671
4.822813357909594
3.281994490559111
4.349697824114833
4.086305861425384
3.997626336479394
3.090135647221192
4.761429650575969
3.769188403406259
3.5564088336376143
3.542440810952376
3.8171820729840844
3.34432001886486
3.3258134811755937
3.597626961047407
3.0690993530757464
3.0973622543187336
3.0883685135182013
3.898904643068436
4.426798408156713
4.485168063494848
3.2223710647005985
4.887977204891463
3.1549327278422195
3.227941420767169
3.1233054203453343
3.110303131515178
4.738322244233716
3.24222692619204
3.400458560920913
4.7994014481757885
4.135939639533312
5.20755536554839
3.3536431273325293
3.6327348821152627
3.5749103104038715
4.003666836415477
3.453329829576505
3.3939434446003456
3.788970695698918
4.131513115485253
3.6269393665022776
3.4914761230303633
3.405801147920562
3.5937651119069134
4.08836033638449
3.3832613260968
3.272378427677559
5.047716426647572
3.1693773550334434
3.167598401006537
3.2248591072397472
4.402461161219655
3.0943993644068852
3.085677065101607
3.191970508929474
3.1691365108632112
4.990541215584212
3.2652171273882544
3.165207827686748
3.6290904688868313
4.37643484188658
3.5497510493041164
3.2560147511003237
3.338919246363325
4.562038671667184
3.3603951775340386
3.551927893330299
3.3290291892477795
3.2548043536866436
4.677892803500413
3.284340266611048
3.2132895161424844
3.6647044642189526
4.342087549357354
3.598766732178758
3.4428313440494644
3.586354190777854
3.5943882544659225
4.481344795753442
4.117537242714065
4.657810893447514
3.6193940353955276
3.587486571157849
5.218605630192457
3.1714211206597223
3.068865363953256
3.3367414655806904
3.1259652411607646
4.078979401832493
4.765644169338523
3.183142079372808
3.898905466109536
3.6758600375063986
3.143917283245979
3.716459243731367
3.482894153726753
4.757414903896464
3.1105225053793513
3.1331341649994
3.217637993558625
3.5096101899699983
4.150950152946727
3.852284108957693
3.8242792578286684
3.3381321076041317
3.605358247051587
3.7406009481928875
3.9258719644822095
3.408082245770854
3.40922682423719
3.2090237010619505
3.1812331434521064
4.114539314521275
3.903902282875668
4.207992692363557
3.2515444209817326
3.361658177815621
3.297530440106292
3.340365473312242
3.296078714848541
3.5067905469737144
3.3227766838517763
3.704329065195688
3.8995547491802727
3.5408346640735155
3.6104215015826373
3.465537299789808
3.4417690824187437
4.0363305928935755
3.1848676613363236
3.6223080345719216
3.8808907416713962
3.845127667426679
3.135907598532007
5.695899862309734
3.1967217386806546
4.514520497944025
4.1164124682069945
3.6933611858397186
3.6013498864324163
3.0705815248573685
3.206849759044206
3.7972540371090346
3.0724151845668715
3.4594901916757896
3.1073206482619398
5.140166919660633
4.903992609321181
4.551818967014652
5.333826443019333
3.974345154811297
3.789022848290436
3.7246901586148837
3.277019172239849
3.7182353587747365
5.011678307907241
3.6556071634929355
3.1712938368940002
3.6624307170184838
3.2356025694780493
3.22737711934137
3.554612184399382
3.8723054895365543
5.083099099703354
4.047534188167146
5.727137004722398
3.3149762224220236
3.7848563365613046
4.394100260018956
3.5924269503261748
3.633333518603892
4.411724555299965
3.176770836787079
3.536747887743479
3.262513937653531
3.392173176598707
3.927985772373223
4.261246314824745
3.460494824892949
3.2501407798911632
3.6178194477936154
5.188725572928444
3.3269607289452816
3.6867310657587993
3.3693855321483115
3.4768221141650497
3.318824138837614
3.442160928123391
3.373003909395218
3.179252505504897
3.508233065922619
3.154941582647237
3.360441103996263
3.4173171437086385
3.4088043185863075
3.552264543250899
3.123102735047463
3.081594207562001
3.188276432737464
3.1630502869872372
3.3480574278624142
3.1628834514042867
4.515249140010052
3.2038518963702045
3.222522906527716
4.202960180729876
4.634014362038786
4.591019294457253
3.212909611080237
3.1109075605454173
3.126394673802827
5.918023636351028
5.819301659205385
3.7967066714728634
4.074379413808778
3.762571353495347
4.824542240386458
3.133760964361638
4.866564287471553
3.242969160743185
3.206039625624936
4.416017424501432
3.2764241217863717
3.637459651681045
3.4736223688605667
4.136146001206937
4.398431057335655
5.651472433594061
5.194997707044951
3.2938396414292646
3.5793884584452274
3.304404495066192
3.309537010773688
3.4721761051384554
3.313437879865703
4.148676068678721
3.7204837177329635
3.1203947012053064
4.419105335035352
4.250512005856489
4.230752117588329
3.2967507566254817
3.661760257103881
3.234843346683432
4.811962912560524
3.261719361876249
4.91749848984872
4.3783280397051705
5.1794589513174785
3.6943291755601675
4.0458719656615205
3.4471465439393523
3.3233024799813604
3.6475845566674243
3.2976579427251727
3.744708169370757
3.8730628733131613
3.343362121736169
3.7964978849856656
3.6270515457174244
3.4488567568741777
4.559255893501999
5.027186627711864
3.2090423623548068
4.4184335549721965
3.2005967597571043
3.3802130047656593
3.342325703287079
3.435619179839061
3.869117084153782
3.966709564530965
3.1878872286034934
3.683650335903538
3.1649460671007503
3.1862535750197596
3.140098728171685
3.196793647561298
3.421410022463051
3.5218615878609536
4.100993805647527
3.1805409296735307
3.2730728976642296
3.223088719451276
3.952605398607476
3.081006945224371
3.5688004789592043
3.296723569660047
3.2896579992806103
3.098983283033047
3.0938497271628154
5.1688236234873095
3.1048240490679806
5.07885311839825
3.154550247679391
3.3424378392348526
4.1438336703680285
4.730972634853082
3.1916732604679745
3.2369809527856805
3.3399242322020184
4.569225963514457
3.155746202023803
3.3364041933065725
3.463862556555666
3.5978602646540505
3.186894216481797
4.193683490766983
4.391313142424355
3.7191571675156814
4.482143946937251
3.2097023707205423
3.3922459797077007
3.4794753633148128
3.366409347751255
4.869185536095791
4.660687130544414
3.6752851837771274
5.533168250016098
5.043622310951915
5.708617882236426
3.202602804116459
3.313237387752507
3.3068126200971157
3.6139915605943713
3.329182038670793
3.2691539020405616
3.312452936523174
4.4201646766701
3.714687119456965
3.5177869836110363
4.19697225397877
3.341246153485357
3.7814527090568153
3.9724765334132153
3.291509028970197
4.984391787551647
3.655816523672626
3.1366726864764742
3.7593139992168516
3.391776093926926
3.362308530645083
3.301332423826965
5.519955242115037
3.13472911206624
3.205845402778361
3.0943324055817536
3.301134502615215
3.5110929084227624
3.0728943756498968
3.496611660344421
3.3825841753527497
3.1658674830689035
3.5977818218956497
3.0932074814975388
3.099744227471939
3.774026550704666
3.104838420855061
4.112493599180887
3.5466955301593948
3.2916776307044344
3.6414336964877245
3.2368710558622062
3.596012439641538
3.684648222349229
3.4822480661051474
3.1735956198701474
3.32782473164655
5.041620669290828
3.1441073529440002
3.072595009487231
3.087462718021159
4.2748979112738
4.384486122190509
3.3682641361587837
3.303853328165836
3.7129699131358853
3.709011881350069
3.3561570334009136
3.578895552078891
3.416724290844294
3.320853767307551
3.330787131844157
3.0947788086391874
3.144840550657601
6.154736352786935
3.244931165930975
3.1613608401813345
4.732337922057416
3.1996679765435196
4.395069204875733
3.615446513229279
3.2783617296105483
4.313094280906867
3.542482046806783
3.3177090240204477
4.723715582622857
3.487368758381698
5.436975945796327
4.130104693504007
3.868251160031461
3.8959232487963154
3.2960646469130443
4.70681756915836
3.3222830449983944
3.317191850105525
5.114454217116231
3.221361136468399
3.3368721580192084
4.157332910101021
3.2231229008616293
3.6116311233276126
4.008235790518477
3.6900588065036466
3.520047218607576
3.4139243983202388
3.2164382274320786
3.8005093400940586
3.4578126971200986
5.509121855086145
5.505705996465429
3.2677365065306145
3.158874196614884
3.750079446476504
3.914645424044229
3.774811491947439
4.043774191405275
3.848555474092845
3.525607206833696
4.7349499191391855
3.8027150817026696
3.67013152746931
3.538647941131052
3.1266759495706546
3.546563085012762
3.4573478116319216
3.262933417835824
3.1059433453735434
4.34507365178606
3.7243810555392005
3.7781983888637773
3.2662734426387185
3.301922897212898
3.121046695565912
3.1579400759650156
3.712650984193008
3.4273899342041307
4.916009442287518
3.1546764105792335
3.106317224931408
3.992408502381856
3.331640100860729
4.055729767112328
3.6906330615731617
3.0945838669582786
3.1424174831244076
4.13644154623387
3.82032864064799
4.740149835514284
3.599864470417388
5.034584680159996
3.1091262152990087
3.1670613132604237
3.197845449069086
5.883538102150812
3.493227869813791
3.8123098268349356
3.4439992287772627
3.337547694070249
4.978773888086315
3.3758675606118027
4.032886756814717
3.1140210915315523
5.652969274128942
3.4002607815293615
3.9288253113363285
3.8421897457051095
3.792646383311615
4.333067742396414
3.4173155523161123
3.709612075760523
4.01462974701935
3.5995062951139993
4.175554357650684
3.6361715398047565
3.718610049962283
3.118910864639823
3.1278736705352177
5.321142076187119
5.407444059020166
4.870490665963897
4.133651799150302
3.120551287376796
3.23543452544662
3.2436495140766626
3.1949274271917516
3.738609828972092
3.4813915566933193
4.496230140590218
3.174807792981721
3.5985142794063663
3.658194328845525
3.165969321143391
5.298423514134476
3.292690338603263
3.2292253382791625
3.601958075271355
3.103944112700555
3.148263085505885
3.1057308767237197
5.141718562074903
5.638245784932607
3.153811542571393
3.196976611236363
3.093939818046475
3.747009159385176
3.2657872536418653
3.225443716280157
3.750736978656936
4.5124146532840665
3.4277998102936547
4.551857884259469
3.8222283169933293
3.472270842655263
3.6451973612936825
3.4373840809094895
3.5566892666783407
3.860585180417826
3.202645181021575
3.2242948598656835
5.076799183948974
3.111604871594494
3.184119557806612
3.0802294540536876
5.041111366256116
3.101051227553925
3.160807947264493
3.5059639080165175
4.041854027172069
3.5243227858274357
4.250694250229846
4.554275564342423
3.7318912125197325
3.911234038193512
3.347958452670047
3.1743867607182965
3.2945820267008026
3.3133633821004262
3.755966686259612
3.4316891686823423
3.5989456448701747
3.454424705055927
4.384855621657166
4.494583203610198
3.340922748056678
4.636096181237967
3.1087292903234456
3.22930754760909
3.4535314496457556
3.226571854533467
3.167754371347746
3.1285047224103573
3.71802730599933
3.407595577725222
3.1164154090122453
5.424797101837523
3.487486040373149
3.1979087949145555
4.055057696653566
3.10656596083959
3.9183119229883077
4.28858797698811
3.306437200856946
3.152443072817315
3.4241614621972323
3.082611479788251
3.6315907573781567
3.5526355714584996
5.013641402708277
3.406573457030511
3.584257400035371
3.3099437237008793
3.3545837148771627
3.756444999321352
3.6775009641381393
3.3061392270342673
3.651919920301359
4.086268111994649
3.1195722857535397
3.100608182731916
4.508263812693017
4.458620190316884
4.296578294568027
4.455677551372185
3.5132383706280264
5.18001225294619
4.785205383462618
3.3566263575799336
3.5293082859037646
3.819579847907211
3.789597179850757
4.0693477336593284
3.4939834091849793
4.905988878411192
3.1818239480976738
3.3190056897179874
3.2906865153507794
3.273139975068882
4.392904039488926
3.428786140752951
3.3185510582406583
4.002087266776933
3.375400974388525
3.3764928837880364
3.717556822313169
3.744076440778766
3.651775107225622
3.32173015929744
3.372758809491331
3.3404087105390277
3.266526693900941
3.2516088183315484
3.0997633268836062
3.3866694469873964
4.766574089759034
3.234011716451164
3.3980890342404892
3.34749562634586
3.6447411943095087
3.8909096671156087
3.341775509960695
3.372787732345216
3.757420119880975
3.1503468534797605
4.495665714692434
4.469506499148328
3.3622302973154587
5.770057690457001
4.0570506451221
3.283035431965188
3.359978768047995
3.415695086539114
3.1775621377481102
3.462245218291724
3.7828750303390484
3.76073009569314
3.7309520609586366
3.1131814948608003
3.093321953465297
4.604619153482786
3.9392613115091564
3.529745402892553
3.210077402340511
3.2645579293425993
4.689958605565112
3.861842360219358
4.456371472741625
4.937869795205007
3.8050837860043467
4.106254129151946
3.5757936539679878
3.718035768477729
3.729208237846462
4.340048458826781
3.205080332826191
3.2520110974916894
4.263799068857896
4.603903000661043
4.342093712251499
3.7341189457188384
3.231416238512236
3.882677327823419
3.541312567272894
4.465335322240026
3.3650228147330528
4.158448968038717
3.1066350105103697
3.2481737214074062
3.554304483411168
4.365683574949827
3.210659929604942
3.799115716618102
3.3530428639574863
3.0662354632713087
3.068043047982628
3.428774913575686
3.1162894422073206
4.814727731915267
4.537981564781102
3.499973991351171
3.2305633136379392
3.545876444167522
3.9734412981085603
4.717913917984207
3.1556776486429268
3.220723539037365
3.2466261936547456
3.8418051736557777
3.9246148779177066
3.3996509219260673
4.661413709393998
4.330430209396614
3.8112184670633416
3.490732686135184
3.445916280105112
4.625769975497999
3.1619746387710306
3.4976282710474216
3.2148869033634115
3.129166914954147
5.474456791781224
3.9201599031771046
3.4606830661307586
3.0531176255976282
3.0538779156447338
3.0503828383522285
3.064413656429923
3.052881092965874
3.052571866421683
3.154484272506692
5.209896446532396
4.8885420967606725
4.169192033203527
3.9979381700174303
3.251015811064124
5.455653588265798
5.666304684140201
4.626903763852191
3.866902899924064
3.7475841522658406
3.492076114946875
3.2164478976859487
3.8939364735765394
4.224051939506641
3.2028126499507783
3.6241323893737154
4.319191925259234
3.232468664297823
3.1189876242421524
3.893197149545738
3.3572927484656354
3.8738144550639326
3.7832269410969044
3.293173877898778
4.6602012660317085
3.332329586452132
3.223163628281748
3.1147971499721336
3.1235785468046613
3.2588568948115055
3.090403553144329
3.0935625708468026
3.060139590497503
3.483519388665184
4.181557009470003
3.40565566610704
3.554855613166262
4.292211663823993
3.2503007528787253
3.7923801277139697
3.429465931182849
3.5063434219041665
4.744136108271025
3.4327259791582447
4.038499141205093
3.104457812562549
3.0577139189718587
3.1851387062197136
3.2671276683263946
3.0960283893632337
3.3210400841749053
3.3911231324737763
3.2124693379375
4.431504504382206
3.534960100365782
3.1599494287209016
4.641704697853321
3.180021386048473
3.2573125943535235
4.089286973858684
3.894326299386921
3.146028509597394
3.146028509597394
3.191474623573094
4.050986009509913
3.7182347773577447
3.1320169653742362
4.198320357542734
3.214159339950019
3.3832690708396584
4.108220676124115
3.1127973823364705
3.117213285235097
3.264634381769528
3.1040990085817066
3.4927501917340606
3.999024423331619
3.2785001455356646
4.487280071858203
4.821142303719347
3.630655299929594
3.5751129521438303
3.3532816780152426
5.549339103009691
5.854717412365501
3.245385279653114
4.647910083983103
3.711992085881109
4.009275287667966
3.411598151440449
3.285884961212377
3.533641408148105
3.4212738846598927
3.291846676216391
4.139095524993353
3.341537852778841
3.5036351025665655
3.2393942803469016
3.137840150485628
3.1775744378336315
3.1437831870296558
4.405294549860919
4.184344522970007
3.2499284935096893
6.1219972318662546
3.164630562038866
3.7141630945803468
4.604738182803006
3.700329952133486
4.230022615586831
4.7169955439350435
4.663548791386594
3.8119729442891996
3.1742958906446272
3.2537257462711007
3.624953819079279
3.651314081870619
3.6096240760126994
4.984408442903456
3.223223728615448
3.3103171025560254
3.223085935140218
3.3452988642540484
3.835885162081966
3.31368201734131
4.731986528580653
3.1798393067659236
3.4338048459678667
3.5422160655937116
4.517546442327795
3.601786533313462
3.8770506022306774
3.4434880687886875
4.376574686150808
3.7130247489725408
4.917899236521972
3.6930946284433177
3.6410138658492537
3.332475599997367
3.279879757174397
3.8832025591942747
3.9678159056682345
5.413276632716961
3.238590965040167
3.661311516078531
3.531474291859055
3.970199394743194
3.087282886140169
3.1628086250370355
3.1231881821980942
3.3068261185450547
3.1194574352360256
3.1098604018047276
3.0901830888497557
4.6945644893748115
3.415257426064791
5.252556804636997
3.4354423786189026
3.5533883615950685
3.4603285603050944
3.7385481165441696
3.6873654210315228
4.024918124912804
3.5759549694810513
4.175319435340853
5.3279954367359785
3.89974611030573
3.596678574839566
3.4198865601501396
5.289334232653218
3.5314193496479156
3.372034184580116
3.3572086652971054
3.079507910775681
4.2276159618242435
4.251901630889528
4.082777578991332
3.3541399600166724
3.659185192096703
3.5327308477261736
3.4172186285695063
3.6354652419288414
3.877570558499744
3.1403185339332143
3.3223803063189785
4.418032690018817
4.115261233532099
3.6677078557331124
3.834023945027846
4.117779660090929
3.179089245815894
3.4986276335917603
4.563575820305709
3.3941647508471893
3.1719461936965136
3.649198443181458
3.4622531422970626
3.9719968053417474
3.305868087127287
3.4471587911487824
3.429221732694571
3.714188713755701
3.232177050882032
3.879488367997821
3.1087285668504894
3.1411709096145337
5.555600151985523
3.1075164617709756
3.2259272405105444
3.0901758696054515
4.607459240242167
4.002029119954836
3.310887362874595
3.130993037924886
3.642749134770684
3.3853967554072564
3.3030726091846994
3.240755479597218
3.1432519259612044
4.052808262852565
3.293968448644095
3.6099652791978745
3.1418946371072534
5.790715346918571
3.707776395023062
3.260239483100454
3.6383784535226007
3.264802836437914
3.8945820726785816
5.632918596037227
3.1985229985637424
3.177537151816278
4.888827012378899
3.8479218596013935
3.3647189936487862
4.728275875159767
3.5142578198396186
3.704773816422273
4.866149884894275
3.2451374770855788
3.488244947305532
5.243977372426713
4.511620861741262
4.117535599651002
3.6353465495468673
3.24920166750693
3.5485081878135047
3.4302609037994896
4.198262520754161
3.942203245927791
3.62280222428612
3.122147958809339
5.326399398633367
3.0573145412968574
3.055948278177333
3.0593026910786456
5.6266452740300075
5.506827438620494
3.1072051850798283
3.192311085324187
5.129628729510975
3.481482091365521
3.857007379550106
3.4983202089405214
3.5132980270033327
3.697316761339293
4.09027719853471
3.3879479971706457
4.684945307412954
4.250164809177993
3.6484869818138916
3.2424870625363145
4.183854210077303
5.352335837236948
3.444618269431356
3.8630272557246927
3.395140182827903
3.3891918978243916
3.310471370460133
3.213179715966809
3.1777368609798815
3.2669700777809156
3.240831506492773
3.905344836449858
4.375439611843982
3.440780119023877
3.1518869851103206
4.384906033896911
3.399042418490751
3.6199904529305593
3.6811087952741905
3.1497481507338656
3.3258102669264002
3.898869142520258
3.8417138630172243
3.2083429779342696
3.077261377588008
3.072635882820145
3.859896056078824
4.513828769397301
4.601652000097541
3.7746642212221184
4.192818279395791
5.044396482544502
4.299412951219106
3.606271851226313
3.2525824264462924
3.277202999711463
3.7411055758371883
4.088840545890709
3.7753771374394223
4.435128332488091
3.8846677598905974
3.5248855596439106
3.5514782307972665
3.201063376540005
3.3219111019976957
3.5381398558805746
4.915837487273796
4.765250151480371
3.108787448336236
3.1175086103957668
3.301662933538047
4.0336332245388835
3.6746561026217206
3.8669453175607407
3.719521504765103
3.4136629278066484
3.4124390385570367
3.79486874128577
3.125999208010493
3.922573148101602
3.534234645215962
3.292222896640973
3.201397855429709
3.470905439183452
3.419800478630039
5.134448781831908
5.518233236941541
4.285594378999426
4.874281284754595
3.6638120447248723
4.381635563360807
3.2883851183934256
4.449135632780015
3.3479784802221637
3.5751931926349636
3.916322836479194
4.549512663360268
3.4854761797761076
3.2684047766154034
5.1056385828384805
3.169197869979877
3.8708654669478504
3.1816220587601483
3.106921186894841
3.1090177426549
5.417656571235865
5.519319883399778
5.59740853269847
5.4928585098537095
4.774828947003256
5.205793998351247
4.248625274126045
3.872275362875948
3.3842619017578093
3.5226795282155554
4.607049751034919
4.732212027839315
3.64131053848482
4.454120463701225
3.634265259197954
3.4181281643365757
3.2154119289186736
4.928221023469713
3.1707289137629626
3.2608698920721007
3.747182720402118
3.216107871686788
3.283544095159527
3.8494170114957105
3.272551243484851
4.51102717603528
3.1786426727052466
3.6806455833517107
3.127309664045208
5.577112119311745
3.308749163583189
3.339821401434151
3.1839643685923775
3.2407865690482627
4.55076326844906
5.380980877781575
5.327704201440995
5.349603268800147
3.159277606185491
4.365235339703335
5.198306534998969
5.021049632533677
3.4411920691966085
4.025330520238054
3.1110686789877673
3.1235273619099146
3.1211495519089474
3.4937857502328207
3.8043829035754118
3.6859422917154268
3.565865142413702
3.562383547325676
3.9365844476683116
4.352082793298171
3.5444133411947663
4.037766293134928
3.6692089546878357
3.1875817749870152
3.681418524872946
3.3044532207474484
3.1329153132629197
3.0862655224722264
4.300372854409706
4.548963862783393
3.2038198799505873
3.4036514876072355
3.3225020398528278
6.350117647049178
5.282403228488117
3.144451765271075
4.232942699013007
3.1295679784154364
4.2963221122754245
3.504028878275851
5.388941747812964
3.1238314534326053
3.246926319079565
3.6352289923430314
3.487917633589825
3.3950806441729267
3.443161871082422
3.184606695898939
3.775245106552749
3.557567534170227
4.14277770757149
3.1195071310173197
3.1749248384097366
3.218634539773544
3.7206138879766755
4.6587112882615225
3.2300230784781845
5.36442536349035
3.5627029041522533
3.6033672695457373
5.2390998030813325
3.1994149920148076
3.473776635130812
5.299328033286602
6.050787518012228
3.160937881124437
3.6189144140367024
5.037174860802658
5.545460957829331
3.09577860720488
3.783707582790526
3.8603725069129444
4.002626718105757
3.4299962332893097
3.625273036207683
3.7254632115711286
3.179407404648189
3.22114446812573
3.0917156062207236
4.736572764150089
3.0889885649433624
3.1990654985122253
3.653910589298423
3.387407747895248
3.253474967476757
4.431289360860739
4.267071121727689
3.3363859626913177
3.539501218154003
3.0765915791230904
3.080909906209071
3.159633408535343
3.918687803034992
4.046509918018352
4.505459928046303
4.560096578683043
3.824844117188598
3.2484599374816012
4.225365474764882
3.8582515872891836
4.367488485865478
3.6726621472725762
3.5937709571981444
3.2522522630773874
3.29013596848541
3.182418676347868
3.361364972703713
4.539211775627775
3.926113846858775
3.23117973078023
3.20512494305114
3.5930908288484242
4.109945444858045
3.6986283972399345
3.0778622769699364
4.352076429542388
3.1331612620322176
3.1558601048464485
3.7975378914913227
3.161398601817381
3.277707992595476
3.2299520956809458
3.365717760889
4.242692773407698
3.3317397415789003
3.2618226806545216
3.2620371997188933
3.5630493716569394
3.1952899372011445
3.8282419589069194
4.365136843408673
5.202894764957757
3.1094410320599617
3.116308100218206
3.8413737224044717
3.69171797092687
3.143442471899075
3.1166400401033547
3.10250349383496
3.0959540442355453
5.255413859578534
3.227723010321624
4.796673378605255
3.367364260565028
3.277985120469164
3.4110208623995515
3.4425543493155257
4.53752239428872
3.381459057428939
3.072402495648823
3.061325123736496
5.195771401720435
4.442675301981022
4.812318127212276
4.1222586027477615
3.470461315236743
3.182967081395434
3.162155638445533
3.183474423030162
3.227220514349668
3.270690260579185
3.23919211939341
4.046114354185607
4.584089100569157
4.736310726602736
3.673969727543688
3.1317175203306524
3.3878582887359148
3.572549380852821
5.9811291492034755
3.2261063676076924
3.7759808710313436
4.444300814970299
3.384504820341453
3.4974606506897463
4.178649776204532
3.109555156052082
3.337872916675669
4.624655304164318
3.679857276648279
3.8050050011035146
3.304473917835974
3.6461219883981792
3.997093473469173
3.9577942802677617
3.1799634073178797
4.667327005818457
3.6879641665886824
3.1999166516261655
3.3767106297690463
3.295940909438797
3.50760774917144
3.58258257288988
3.1525708087400393
4.53815675002261
3.241510494174883
3.5902669317814646
3.6544142537427575
3.9853070527334937
3.3039307497397683
3.3116398235688087
3.098440979320579
3.1042729995342886
3.2891736110613174
4.136842650198767
3.537098159884192
4.312117682491546
4.77415347415142
3.2447636540176266
3.0928428085259867
3.300536468883185
3.0981772956557982
3.1259802759450266
5.4288240479700605
3.2688932809480513
3.3961026394770606
4.343232100307337
5.37644406320655
5.488988142958588
3.7582510445029502
3.4879850246205186
3.2491685490501827
4.011754065807924
3.2322911968635473
3.1136226401209606
3.7918749087383725
3.4366356929618274
3.569843326490159
3.1142336516209297
3.608472375826449
3.8734699329277564
3.535481855491396
3.4342163297658796
3.300588244669429
3.516279346150256
3.5445298939747616
3.2636544591716965
3.832893054228757
3.371821837650736
4.00563424480995
3.1941077241112747
3.5326952627083386
3.283376260561978
3.2612390702445797
3.1741444668931282
3.4525775809242307
3.491529631831106
3.610521600702263
3.849799717779418
3.5356484026237616
3.5333474660572612
4.036120936115695
3.6130185645879864
3.271673687524892
3.2366187569385776
4.050918225412228
4.705085071482934
5.283086827230844
3.2227255685524394
3.178216723857876
3.780465507297076
3.356898668520276
3.87951891058319
3.216886962298311
3.7364274463519376
4.041108725451292
3.451283962899131
3.7516883221685866
3.9673736778945448
3.3498434720479042
4.466191719087184
4.690197652306364
4.815092126080491
5.687912031066814
3.6683565542580467
3.776579270528292
3.219090668902429
3.7581800777494743
5.123463435171933
3.7466487068498937
3.4843694039817854
3.2130287235786583
4.161238898296233
4.160391848934028
5.7561852783006335
5.45566535237541
4.315214932440087
4.548139888146594
4.729155318625006
3.088720828733277
3.2994772656187052
5.050980088628299
3.5320813518943304
4.126961635897091
3.504137095009267
4.089408200737615
3.3882855363196835
3.589001365408384
3.1804341316203653
4.222563052426326
4.013234046573619
4.239535926092394
3.396106053370912
3.0960164010811764
4.440124766125438
4.0455887674263495
3.2941100333693925
3.814600189366181
3.1986797160123333
4.684193629416312
3.2116041478906534
3.5705743252774242
3.2076999078605883
3.2375474182800854
3.570438814567417
3.729049565378601
3.5467845263051636
3.6969502129158323
3.1649139975264435
3.0824396874434274
3.1506576324824183
3.1708608982597752
3.776696007643523
5.400902248637756
3.877565109850497
3.215302224026766
5.196332664028551
3.3665987257659737
3.6334047608849875
3.295901410833979
3.2965147554976513
3.2572123332450476
3.495256672323123
3.3141505238684235
3.3474038440757843
4.077076069887441
3.329281361047195
3.2388263384977063
3.2550564001812243
3.1938264469857227
3.1488620419246756
3.193369807132637
3.129105848007403
3.494189725093748
3.275859404036165
3.813858843886719
3.6487457085283292
4.264046495747696
3.2117710115631395
3.272936399994073
3.3830809230744165
3.3418435854938773
3.542379747692472
3.199017582047838
4.072208693715292
3.781547725664802
4.294950036411039
4.098522363313486
3.4131569913490205
3.212720852587789
3.6006847949322753
3.5215256256117
3.49488450696689
3.490839883627854
3.351091890902493
3.780937154866309
3.399207202598666
4.893855025564395
4.334043876164817
3.240555629398556
3.1335102854098933
3.22873372580319
3.8192663034259784
3.1326476188913386
4.292365466809569
3.291066046752333
3.2801118311277393
3.977835922922035
3.5391339874768866
3.4927588324381826
3.4110570275827876
4.122162042394167
3.267345064920197
4.473542388718115
3.4683684790795466
3.4683684790795466
3.30465252388659
4.169842175118768
3.9967928093232796
3.2023995201682496
4.656055150617602
3.139556471682595
3.0900614180931045
3.141792591014605
4.856439642102088
3.102978095133693
3.07969860672137
3.129726890411656
3.093249362006632
6.115218684634599
3.3116068394994755
4.047874408058572
3.7682831539309545
5.080212571660705
3.4208798181222306
4.110040522499309
3.716025312333672
3.1075677316515034
4.32088453520741
3.2778642867440095
3.1665453372403416
3.8782580438269907
3.356405037651604
3.9001916091489814
3.2611294665970387
3.3736286758389857
3.3577150829636966
3.6926192489549123
4.081429593616926
5.769643295385341
3.14877856405496
5.481015478343885
3.3122560932424583
3.889300266845363
3.225038882824757
3.8870960537334445
3.0720942527251096
5.081288359086596
5.166565716908469
4.436800885157382
3.32136826303097
3.4854207819664444
4.7283328459809635
3.221550558477373
3.751746028267738
3.5073327558708947
3.4613242822429946
3.697332917897431
3.3227653826046493
3.162051920537586
3.4878291092669746
4.3090473444300486
3.211178813464679
3.21206545457245
3.104567226964119
3.1214784314244683
3.450145697757326
3.6208076535452802
3.1807259995638546
4.144110204423977
3.961603090571603
4.6276648824036695
4.570942749437164
3.3365333663549466
3.281146275970624
3.4334890622817618
4.262462270449259
3.130088001241911
3.091052826384075
4.077097886267367
4.241772271387797
3.676314408421515
3.42729016431921
3.4679898202979462
3.6079233348095165
5.176202983958602
5.558446024862847
3.9293122992303577
3.5998935805661576
3.920274174112283
3.363462127646356
3.5343546676362765
3.7343196850586944
3.915110689161671
5.170065726152663
3.1699153008756493
4.483645478593133
3.5412207268224645
3.7883785708542925
3.5534913299564974
3.8304076575201766
3.252427871228948
3.8066847927530696
3.2128576260023767
3.271049725483908
3.3255528744556875
3.255024248057302
4.53954793123124
3.654674217007444
3.2895212694716864
4.566364176453491
3.466227136746838
3.221964093831407
3.3049527124976787
4.118327916694209
3.3451968315638547
3.288374844523269
3.388588001943674
3.6535499427975946
3.3824387355851178
5.458602493889235
3.678910943653622
4.067360255207652
3.7325735819563395
4.761585944605113
4.21549157806457
3.654766100909061
4.456220180521247
5.44488297308869
3.9826265591313184
3.4151047344777643
3.9714503138877553
4.499528958943037
3.675380158661861
3.2004868310961605
3.2297325821861316
4.269815481989897
3.8279945921846523
4.138577717320188
3.1713204792047662
4.039832241489405
3.6728428637003314
4.255503704777123
3.4974339691904492
4.9872730668340175
5.675843192103644
3.125303125719087
3.1626392901448006
3.1054986555173474
3.318466544516685
3.148748907748823
3.3974115900745083
3.509517087377392
5.057680057438423
3.788300230337125
4.374017452869946
3.180343873879488
3.799600441532646
3.890372239981989
3.590675234874953
3.0898027178117746
4.082779748586464
3.5240327290793507
4.48267728293226
4.754141741190875
4.345467059770329
3.209043021049138
4.907300992890039
4.69523804664846
3.106122782432381
4.45650951029264
3.117610249243036
3.6811064989052253
5.130342489573979
5.2679753009740065
3.165228119292615
3.348774315121806
3.431974521367531
3.369903305543498
3.7311883133474084
3.2898590240407506
4.433951423387244
4.212469821858615
4.177090204561692
3.7121150483795047
4.196217564121384
3.413435392603289
3.300084531192715
3.5248618687052233
3.1676682859298806
3.203864005295726
3.327626073732122
3.191544431847972
3.3150800985741973
3.710304340675921
4.262436093208458
5.002291277677001
3.2696313146904163
3.85589959413399
3.155216885531603
3.2340346910479023
3.457441189576815
4.161153201805764
3.069826974338339
5.039633792149004
3.0903186037818084
4.609556610957118
3.289753451804276
3.280317199857424
3.991888533586683
4.185433588152307
4.527418152649277
3.5971616250057563
5.518559749291328
5.61112743318557
5.54988025776235
3.6159020535293918
3.12323544990189
3.0844270663284306
3.1043735291111982
3.15497527175016
3.1034679887054355
4.283473500116854
3.1604729354839534
3.108587624667716
5.056261972940606
3.3975337658779496
3.806690955762612
3.0733342565946407
6.40212479915277
3.1995961581834305
3.321453574295823
3.8285212047493955
5.233694609282324
3.25113269644444
3.0890314902668936
3.13865188161377
4.3173815136593
3.1590199420186527
3.600872940054568
4.1324825100381295
3.4386298893095004
3.863600246919418
3.3581811608341567
4.714059303063193
5.348655839486796
4.075596988513152
3.107023525451763
3.452914113006077
3.5762251103090765
3.9193548350742713
3.3150173827348484
3.926850888413374
3.357412106523418
4.637124850769441
4.819817274850088
3.1048340699827888
3.5715600741632523
3.5062620206997575
3.728628674731006
4.163073396586853
3.291584942232041
3.2155234330563887
3.2750183739944196
3.9668409539946357
4.7612130810138185
3.8084477806062087
4.714222413129264
4.8152375832947945
3.198501485094022
3.0767708889192846
3.0951112692301614
3.7015709614994194
4.7211374739952205
4.265276565685456
4.372247075790629
4.577077609831437
3.7063975735595074
3.436386775609529
4.088868797248392
3.697560056600469
3.326004260817088
3.175560604396394
4.229903533023129
3.291421150372406
3.4335108613224983
3.4087112970317515
3.36905442325279
3.598551720299607
3.3794699756939925
3.318738757197719
4.714965569952184
3.7546715206560215
4.243558870251759
3.8639867324559463
3.4343445540703135
3.488603591357597
3.815159053533268
3.580685590653534
3.3996658762395153
4.0963850420482055
3.2911825501490104
3.171505839825512
3.4772076573037514
3.3021397493807774
3.2356750926355313
3.8903461715876615
3.752742334557057
3.887751561558254
3.3394806943243918
3.2887739516052354
3.2639318739366656
4.295674423920066
3.6012961971704636
3.827683626824385
3.2490272750441602
4.340675206552056
4.338248996820938
3.611682469812446
3.2776385243127537
3.3313207528059454
3.392388250775968
3.5404363871089553
3.91913892237048
3.849488723766076
5.2054302181223635
3.2731213795810734
3.318836148816029
3.624183450986866
3.3751651798283744
3.6173156799217976
5.5459050404215535
5.32617010731035
3.2238270651394534
3.7040340197134447
3.5401867420031268
4.494739649413107
3.148355017930336
3.2876340467517893
5.27485290272625
4.1571684999005205
3.2672715115508693
3.7340829627890795
3.2367026218543247
4.739792746407898
4.848067073105954
3.254183005639151
3.7657898120738733
3.3127230350448134
3.229069319878663
3.142205673994229
3.6365360701041123
3.675602884872328
4.144399626480986
3.807692564984284
5.013825977315007
3.448371566085801
4.928193592258939
3.078407877428586
5.6976656424616055
3.949798647987569
5.133222368973495
4.686981840853702
4.509704320864636
3.578486742106828
3.3013143013093185
4.2004191051987
4.257156541242486
3.690416923149545
3.983094033302686
3.6880256232565998
4.4191015862756515
3.579940316235064
3.2648845361513295
3.9589690582642323
3.6461271307222916
3.840959149395884
5.102465779251272
3.8020155977841803
3.1933531403769075
3.606872016608513
5.26713551050244
3.0941182916074976
4.9142958604032305
3.2070589967051326
3.185591814922074
3.112165591457433
3.2889630360352538
3.635776487664326
4.164782460672176
3.360356728585951
4.256160723775261
3.0811267174802666
3.084252448380137
3.5427625802326306
3.832701125886548
3.490445564971171
3.8099248649682154
3.566141411705174
5.483048733141302
3.9933979693910273
4.446107810315075
3.6109216800105335
3.5668601287078525
4.027532598527419
3.43942597394636
4.312693838355173
4.606295408398267
4.345014006710253
3.0766770039080855
3.1541842189799225
3.3611997397424838
3.4370651235216947
3.7983760807288514
3.0931595673119663
4.254681059783377
3.243617758284058
3.394736924990589
3.549548083821092
4.187030717168305
3.667964665260344
3.6851701053697967
3.247921096433304
3.176877719127969
3.41466052925921
4.210672870044663
3.518137829454432
3.1351766732045006
4.640012253651016
3.069143215845974
3.063237278999455
3.272514490945537
3.1704417765251884
3.132073800794431
4.394361866476942
4.02849674653493
3.5815706998258348
3.3537254218003536
3.5362108917937243
4.256630253171995
3.3784997126297043
3.364775436321647
3.4006041995701004
3.331440362081418
3.543790818941684
3.209647831010555
5.240817043127347
3.465138690851368
3.348766297113628
4.11207169440241
3.1427691818202104
3.1357998773847937
4.346344777972544
3.3687277138153724
3.1546409699764375
4.346313969580027
4.908223750410526
3.491197503358892
4.62204166411548
3.2827213074160078
3.2414991924254615
3.1717434223107137
3.311213160691598
3.3404100695289447
3.109740848246388
3.430913017436813
5.583825017345497
4.392907579861999
3.146869748914251
3.119902130190538
3.922887796260782
3.2669916653173194
3.2856693027001396
3.446560364229488
3.2135880776634194
3.2831631228881277
3.0986106074708575
3.0557167533639173
3.056770782867084
3.1396231196035798
3.229780039073453
3.78365905515974
4.032124242438437
4.3524436523512495
3.287845263304681
3.2850387051175263
3.88406101367743
4.307926597586407
3.9043840539552335
5.540449155440579
4.123898919510132
3.3595744781443733
3.0860085298021542
3.3548998007359505
4.181212387738059
4.360124707121779
3.1212195467934043
5.838939185461916
6.160320489530469
3.4093278229178194
3.3412520592804986
3.423782635446243
4.246094858531807
3.4946832342040515
3.2102138815261125
3.7973041060014054
3.4796582452817613
3.626299674882962
3.143611664681688
3.115280668150217
3.481965142325985
4.1217031442907945
3.5345825177660704
3.8142094121236982
3.2507980703889983
5.395818507448446
3.254275068474825
3.3055446595344273
5.32880618720684
3.834719661607589
3.6702733397135794
3.6042388140925468
3.2697015580512927
3.168417542523345
4.2787352224600275
3.488306915283018
3.4672778388279433
3.222838057271097
3.3942884670000715
3.9523751560408087
4.0096477458441315
4.501937148173496
3.6826969246428902
3.3795620880619563
3.770757870010338
3.435687825433018
3.6643879279184612
3.4792607231448125
3.1507784624572635
3.714173376642284
3.256525608780103
3.689436594133599
3.5709484608382867
3.5785019474399284
4.088489941987974
3.542224411566328
3.6070779127468255
3.645689296867781
3.886266912961279
4.053504258412252
3.258950585924641
3.2015437550025054
5.00045472735953
3.231356853584395
3.510729729955657
5.8215960915596625
3.2904368032907008
3.4178317345980656
3.534496336250868
3.0929335713208097
3.6528193841281436
3.081865629012352
4.558878152963908
4.172825572259815
3.1119517760870954
4.732457946750104
3.257111268362415
5.510409281377863
5.397885569749772
3.0818069275519004
3.0541166547826095
3.0664615781049354
3.523257917917843
3.2489255978244382
4.439438141451717
3.142152779122036
3.640576406035154
3.150368703443258
3.089190815628689
4.946407631644869
3.599503861119408
5.327261235437418
4.010482345544456
3.223624884646621
5.359135182134317
4.148364111147712
5.245332591476474
3.1295609557178166
6.229560074132768
3.5422634579081897
3.5358963078860124
3.424615223559355
3.683353002691007
3.396556832467667
3.419792821684651
4.521812750209059
3.3330170318708623
4.299818380248139
3.093558447074571
3.3011969780516126
3.638044486046706
3.438921438829367
4.997906515929606
3.3262558556184034
3.1176549811481395
3.2293218942867226
3.3459734823451557
4.660987303388944
3.763010641585592
3.6227473145315674
3.6960267579491513
5.272224816155865
4.410736469857672
3.184147338927642
3.57104402953407
3.5316567200829407
3.5166246030159702
3.3965781850750973
3.425646386607729
3.147971138555776
3.110062528277311
3.3625613268171133
3.201893481732076
3.3983124156835
4.922232963465664
5.084836661342958
3.1351102881565485
4.641015959636692
3.216725413102024
3.525452360461888
4.142606672104943
3.3257453365669747
5.2640923242186775
3.257542701526692
3.2816573552625767
4.878844813681188
3.2192954370631304
3.6158838485386013
3.9682003531705843
3.4641104794522457
3.0951773031819663
3.261057054489608
4.726583849820409
3.6650459917606377
4.168143118350841
3.285305954980804
4.663268481329541
3.277656572157025
4.345480039014805
3.3825816282102052
3.745757498518758
3.6085702598919855
3.328988577463001
4.332775538836922
4.371215395889027
3.505066306475914
4.034212441517418
3.2754742705178246
5.032633725100325
4.660687299921064
3.2573606270478876
5.572852037481746
3.150298689027783
3.6016122417566674
3.3772390093418108
4.380612157550066
3.400618633125278
3.3890076726294978
3.217241730149369
3.473346093795083
4.750753284225699
3.323446192702295
5.117982145313432
5.202553509049996
3.342072106032785
3.3568260781715926
3.5671629323342007
3.5299790802433706
3.458073015048675
3.463480480288313
3.53598869753264
4.00109259929239
3.223686202623487
4.207049596982498
3.7066191437427336
5.036469259648044
3.278580208253959
3.426901369937808
3.6577565759619013
3.7115992498176222
3.14740441617001
3.928348088802801
3.4522511865629117
4.1997671934793885
4.075621354646639
3.4003636106633586
3.160653805549576
3.1303554814175305
3.8267557523601727
4.015514754841899
3.279854505555782
3.4177665211862176
3.1982712730652234
3.1192262490340306
3.1985970975408784
3.8475204256703175
4.251389901323582
3.5823779059614465
3.1714722240301967
3.257541894702749
4.284587345659963
3.0901155276985697
5.465652729273116
4.597997418991778
4.219651552551635
3.173571577598331
3.1384322162645315
5.489857334021702
4.69121677182053
5.835171747762519
3.626449310249599
3.8971012102025426
3.2789323959048655
3.1789239580768687
3.3996920439409557
3.4159916378053587
4.207661967763931
3.204124461918208
3.211467297714883
3.2236397799679777
5.5168839673565095
3.129660349079781
4.195303844793857
3.09462093683993
3.1485338005427708
4.406401877481372
3.1422297362480824
5.219556149347177
3.1368836624496943
3.1104121534944107
3.1555674324385534
3.1866109040796773
3.146023677641448
3.067008248601537
5.123877340143098
3.323380635151998
3.485653930661169
3.274689373197977
5.107335221329743
4.314329106109583
4.744419934389181
3.324045410089388
3.3083790010248473
4.280745884847062
3.1696371476148624
3.1131495964531357
3.097421468826792
3.2692655647742423
4.654724276573049
4.878267332251825
4.070474092523527
4.685978558273558
4.444963903007413
4.214538719932029
3.314275239453171
3.996666662776658
3.845016135662177
3.331876723572123
3.4136977964324258
4.610332686685463
3.208095967277605
3.0975306970544283
3.554703178113651
4.679554485867503
3.5572758899941133
3.146634626697753
3.542504424568805
3.155847142122034
3.3781322376910783
3.1636641416316866
3.184801207471507
4.180115879707402
3.6309623365088535
3.310083577166123
3.76044379966857
3.2832694141101375
4.861419747969249
3.1050515799111826
3.3094946545384003
3.764792025051138
4.410312759012165
3.1142867103326344
5.267936155511002
3.669672322357279
3.5607922661288036
3.221058534250558
3.2003445996377735
4.023266695172803
3.855958998686514
4.955087534438148
3.8565727303114707
3.572199208919706
3.2852910341544703
4.367886589443261
3.109185934214061
3.2849878721210826
4.582456655065364
3.4076661998085918
3.388637581544989
3.874858249640701
3.2212947039169704
4.556844862623066
3.5030729087164287
3.6235475012136003
3.5507014670398984
3.3939830842067424
3.205507420873561
4.537018020313882
3.118474212275727
3.3004080180147684
3.8859471319020202
3.232234049318157
4.3634071286871725
3.780274196103131
4.139729177933207
3.189131333650547
3.957976739734762
3.2420420932384184
3.368506787288691
3.7795247178248776
3.0839667523799736
3.109076708809665
3.2653912004256647
3.268033270832764
3.317987033811317
3.1097802308400624
3.707720269506641
3.2465999488004367
3.7629614154282813
3.5544308298580782
3.2171786040055275
3.617830625456781
3.447047853278498
4.536575647943933
3.310402656520003
3.5219237434398285
3.300151540237483
4.3964466926589525
3.0761667752915898
3.067794022410177
3.086521117065678
3.265734910134908
5.092916068372909
3.668348181573831
3.6891966922835295
3.714607023384996
5.548092048685355
3.122621685989306
3.066601137265658
4.077592003905382
3.5971409567426287
3.5976575604210863
3.2688248725639886
4.377532513278222
4.6804504849780475
5.573956306617462
4.483970873889579
5.038587022595358
3.844571112875469
3.8227773717000373
3.091500535185389
3.1803562038277824
5.148552153999334
3.838895605009344
3.3920609512205346
4.1435190354196365
3.2395085857239803
3.970614055049511
3.3684012536781545
3.3044490660314625
3.3743816387530194
3.4253794036998375
3.356186405956864
3.542546251200982
4.7459502841158985
3.1102382095555616
3.1777574610517103
4.0145848070089
4.36899183252496
4.454028190415446
3.16813712036334
4.318268214177356
4.758137035345123
3.165458374377888
5.268151925046546
3.1328574390400665
4.348983730244535
3.265202548061713
3.7988675873787265
3.5198139992759407
4.8875930347604735
4.446816680983839
5.759538552221792
5.821382793418451
5.422746061938864
6.244779114071298
3.068401859907036
3.063863190449897
3.2324713093653994
3.0682335961314697
3.0638909770162446
3.0524768110133156
5.295305585543226
3.0618744030658673
3.0638445111686496
3.068080138792114
3.058742816591726
3.121688023189905
3.1064125502659268
3.113389552569129
4.431133628330304
5.559578662092093
3.110340021588887
4.686790959623785
3.5590174648292394
3.418511097475773
3.6925525220887705
3.90818580559233
3.4242115763076995
4.259697581348856
4.592235687684184
4.566806468119706
3.1165072536931127
3.083558945897795
3.1073340723727334
3.6853738957562436
3.3552933273482006
3.517005542173638
3.3760312938916033
3.2462184539244276
3.3935667395206197
4.584493367477312
3.2939559380382524
4.497283603873264
4.925082694432886
4.1816364649557825
3.308825932490019
4.493365100575296
3.433659049356968
4.107012633424887
5.362224214755742
3.141048174595235
4.543276684215898
3.2612964971097513
3.598264391938447
3.1748107258977143
3.386950744070745
3.8759726321559143
3.3937088664495767
4.719671355078595
3.1514214956419337
3.4644476183672612
3.293907747807029
4.436802379840612
3.576776056568516
3.537474840774545
3.2792903212255466
4.579336767352995
4.842843081935889
4.497807951828818
4.001982366168571
3.319646561590458
3.572146018065124
3.1855859542856555
3.926643831068527
4.6796258567720255
3.22455353692954
3.5157949483486917
4.477014850659203
3.2825311443812617
5.245079605679596
3.1419296835521546
6.4366958032916575
3.2284247040078413
4.086614209630964
3.950514172398475
3.2014669224944683
3.906600048835337
3.2499111652973434
4.810998240204551
3.3620104573052534
4.063328525973313
3.951849026928846
3.24728908479634
3.292681411301418
5.202314197298553
5.322263101102498
5.235350364981562
3.3382568906399284
4.122506381147793
3.5181941835886743
3.6637046402783673
3.7056264832200716
3.3665630286761044
3.3522256808736346
3.382382487887362
3.810055841613182
3.5768818239884452
3.1439663218305145
4.628282944462786
3.3844524753040712
3.771878473491883
3.237800106677501
4.097651352700733
3.404527382494714
3.5710954892367592
4.160021874317668
3.242421101309901
4.401598277352093
3.4668251293343473
4.475820817035005
3.171679388690094
4.727211271016811
3.11593105541105
5.75885958688872
3.117016409539755
3.3477938819483524
3.214246683617085
5.218684305152658
5.529347922455569
3.237652988236174
3.537712295907305
3.7215310177851926
3.7002464786845772
3.150530802409999
3.217686003410263
3.2597932146851902
3.5082140800203647
3.1553038889692955
3.7729298497788677
4.800731607505663
3.3408229818099087
3.933505009257905
3.7482861936676484
4.231380596096663
3.2075584841278175
5.99762541368481
3.058622758140854
3.355957419391908
3.3139376374897997
3.1260850285230197
3.4438319531453243
3.6366134502251217
3.758173274790811
3.4204362458194635
3.6336366927853545
5.284919465697927
3.5309528592763293
4.051952356256613
3.301174666842334
3.3376988458262162
4.118200146543609
4.087184146608229
3.5564800167840147
3.1327470800073445
3.236288524944282
4.024293861766922
3.198280330985172
5.1110863447753845
3.1142807663199212
3.2226029642104774
3.388018137580501
3.407104591282089
3.2378925302365342
3.4060692912164225
3.1524265746461455
3.114651670120681
3.0954412221794207
3.1155582775202073
3.164933964387724
3.3970001354711066
3.905109219257098
3.1597894381298186
3.2209143593600316
4.981191666522588
3.9326266162793213
3.265020251757855
3.09738659893898
4.354540703491194
3.6904667619715896
4.196167674037884
3.3967666242661427
4.555284189874622
3.159942795393158
3.959213881038721
3.9884781887814924
3.164354510085915
3.206279336818791
3.8908489696073825
3.3207307469720035
3.506030717214975
3.66456399715255
3.442668784176454
5.684604570548305
5.7957995709839825
3.1592368882590134
4.559894991117623
4.282005728119249
3.4576713054109316
3.47977163265708
4.272972405877643
4.4959840622032985
5.572996324781978
3.1185473088549465
3.8002795949260664
3.2091723744197505
4.856724386621489
3.3364093682014735
3.1822606732560446
3.102562535507917
3.092640766477321
5.091961070422662
5.255053157623568
5.298604047359375
3.058358284965725
3.0703094665625423
3.66837717734405
3.4542623017864593
3.2871228793365916
3.8042407084640915
3.2162793637900013
3.51715744270705
3.424008550965627
4.39631706183378
3.4097122392016557
3.2110692034679134
4.872049144826411
3.0958800863318543
3.0934191662546486
3.17146820259544
4.027376294050197
5.552603083165939
3.6953508703267754
4.158913644016618
3.1729476131664796
3.3152169117415236
3.218931061411265
3.207202594756633
3.0936194813288704
3.446319166194751
3.1123303316834336
3.108297043190003
3.503915053767641
3.2688445526716974
3.4407016574771303
3.383563751625912
3.921777356473558
3.8924708976712665
3.6884559146470535
3.3934345260835226
3.517200945295699
3.6925054565810833
3.298217064969969
4.70676069800368
3.14599515232431
4.7362747567841765
3.4921145214357496
3.171944561451125
3.3319600002978413
3.156355059514195
3.16224060375339
3.3185476360315422
3.1699036834956273
3.153546111191826
3.093052808027979
3.0957320269628115
3.17365132771074
5.350193313193275
3.327007030616522
3.3804443202075305
3.199978641708235
3.148738057060635
3.2269372894290895
3.6205478378337794
3.3473440554196823
3.9594258475788457
3.080810210927564
3.5039622991207664
5.226306442031541
5.174793060355345
3.389063923142526
3.3032870146164077
3.821503827409069
3.598988269373245
3.1786040559712587
3.1783590834916122
3.1218476178335575
3.1242143867621803
4.27608783828518
4.493775042114908
5.819586347324138
5.098195908009664
3.164560271199143
3.739774442832904
3.7139825510648805
4.560299433754652
3.1650538143210394
4.832891978796466
3.1722853833839695
3.173272332589252
4.118495769240568
3.2554564178093663
3.869646766557665
3.94682775207632
4.198732067248824
3.3095864517277693
4.9606543343936025
4.739228971201735
4.973974722195232
3.0842527505668142
3.080701603747212
4.809578895405567
3.2072705532128962
3.241295206737175
3.8544443906603365
4.1745911325374605
3.9394342960941087
3.495075583977301
4.164671003468344
3.4980250380640756
5.051387877186413
4.508144725091555
3.683992586061252
4.309282743728961
3.8685648193717173
3.3430243209566184
3.6176770206610107
3.6575072384024336
3.250442514641088
3.6795927324493536
4.189525177062421
3.1763282212746042
3.1635500256021594
3.4302962651769358
3.1350076965251343
3.606095678314353
3.6379489226711836
3.4368728673348903
3.4392385898646642
3.8793788543020478
3.5601983828819534
3.30762386725926
3.1886017557922846
3.1784026094637245
3.1584788936006003
3.3038824789577528
4.641363571411416
3.1499230739739827
3.6995394853558987
3.199109811596274
3.4786955758803777
3.340118787152609
3.1926540268008
3.122689166035814
3.5691363829863825
3.196752481981906
4.163759846974661
3.4861962216485503
3.1828788874331897
3.2171294014200615
3.0556072991042846
3.084055392737384
3.127920712983794
3.0627393396669436
3.0718985467944364
3.9076642031722284
3.78958861130518
3.5470244100887856
3.635351531813038
3.720110354407936
4.154426274122784
3.4040007057895236
4.211979964560657
3.2307542544628607
4.443859843908534
3.4602070591569536
3.1942136758505613
3.375114854182966
4.3901303649917045
3.3734629563191776
3.489582698650562
3.374208306525463
3.0812374295953715
