3.1572412814117374	3.1252773022981044	3.904472269543317	3.22527592769315
4.275108316499832	3.19971020223073	3.3851125125479617	4.08706907895624
4.6285175553340565	2.9190655375	4.96194092819912	4.39953205251804
3.871119724040365	3.1017460933163794	3.0730982987956557	3.464171757742365
3.9660153719603812	4.863753758313536	2.9249910126138774	3.4551384284620354
3.1129610230962323	3.252293550665133	3.4769433004713006	4.369400753976167
3.858343662985691	4.221090290533462	3.0079682818402844	3.222555362347151
4.073559712651571	3.2793506996952955	4.687306375882612	3.050573229056207
3.3766791409578416	4.067053633295469	4.687306375882612	4.411452409059241
4.442373495526155	3.862882861152431	4.7714321718382315	3.8016004973657402
4.142268823805135	2.9808936875816547	4.160802800565808	2.9142583213418005
4.547332325495486	4.015823480090444	3.5621445050510734	3.5504815978788304
3.2445089118951707	2.9351019041968884	3.20687171307601	2.9989826427032376
2.8644429694311127	2.9552128247671385	3.542915922696155	3.1102908580188524
3.5910278275788636	6.000633882930044	4.291047507535766	3.416603446660437
3.350876073847171	3.04857716588402	3.580697286753815	3.075765385149753
3.02139284354314	3.8315865607109334	3.615070881069556	3.435708128150559
4.645739725895949	3.009635704866496	3.2524575333127377	2.9940619773501753
3.470597462595725	3.1919647344314344	3.5123263669629994	2.9072831489026365
3.56001267669245	2.9045822926808578	3.9937273373903857	3.1588274035120323
3.68789173256161	3.6514421295610324	3.1928366949200986	3.386428106990757
3.565415549073666	3.60919254300509	4.887011056626164	3.190368568544285
4.104828166154903	3.8216564094849135	5.333784310720418	3.0587726665426938
3.1745588650244922	4.39862457409417	4.49984218864231	3.0348340159787837
3.3655419258007058	5.270547163068279	4.341213768560151	3.5244490871116825
4.627009537765	3.2795341427453097	3.628242944644694	2.957364024712752
2.9996883492710174	4.552512838324018	3.870529938608256	3.1010451343837206
3.5563422356312286	3.6718300306982936	3.417072177484018	2.850019392594386
3.828760744288659	4.257523460953303	3.3404226862378614	3.7274724994688926
3.3372260288343636	4.992113306815124	3.4965957721933836	3.024823135171129
3.773201692598755	3.5959997033857354	4.7708492202732495	3.448707322203785
3.7472671070090295	3.6692615930809027	2.8835144791752123	3.1302221356755973
3.711930179917048	3.3513571082243026	3.00146934167845	3.2602179091994725
3.25131540321765	3.0383716994052676	4.192907449103469	3.9285117106229652
3.8821309036505425	3.1687068890752284	4.072831767557977	4.4526339533016595
3.396319915874245	3.4884517264844614	4.594426288716147	3.4409519609239965
3.3949926841936517	3.133790935608164	3.159204951426641	3.718530505963294
4.012931438763961	5.385169971141837	2.9242841164212408	3.2898329320539164
3.5300793990818753	5.9823771417821545	3.907680018183841	4.353781982417093
4.4392351424739775	3.83029063983745	4.398015005341375	3.1066745628918047
3.1353084737636507	5.225809763682665	3.162948692238634	2.949591613623199
4.167738374402299	2.9668386993413245	2.9317034133348585	3.1069700885468583
4.948936158636623	4.281974962005125	2.92382766186251	3.682644253309947
3.9982002020562373	2.842883577570806	4.376193285471247	4.076499810723838
4.9066193633388515	3.034903380874198	3.0379439334211433	4.774467223678719
4.784218811720324	3.229970499194605	2.94162738946094	4.03991576394016
3.7587897085135067	4.503284357411867	3.323684878410581	5.5406721840234265
2.8578423017956185	3.524561766629702	5.156186495318471	3.6743987155857116
5.6944861286698405	4.412833993694595	4.8022923719135155	3.4904427364455524
2.9511503459947646	3.750591683097892	2.9164515802976445	3.616320259649238
3.4101175807709136	3.5589937926843938	5.358417468239497	3.053712757178668
5.510358483637941	3.0376338276643344	2.9993804353229763	4.017484516093111
2.9580452594038613	3.352233513480124	3.683708246469431	3.5020293143456
2.886839301635789	3.3077261124103634	3.5398107204099403	3.476680481159929
2.9531806187202623	3.086261930177079	3.624975263354149	3.0718859617957017
4.606512551187166	2.8450539836856494	5.284061497685768	2.888898417213413
2.8821967605540735	2.9804431857570113	3.78451460199799	4.098398855995949
3.46223757434145	3.064940939409736	6.208762538879897	4.173581201021538
3.951790147381372	2.8673448326127375	4.067708474219062	3.035069388036745
3.2015650531090496	3.3677732192555725	5.074168969995626	2.9426615907556046
3.6790790019951647	5.164925258784909	3.1721826858780973	2.9811052521545855
3.0440827553036858	3.0807571638850164	3.1271285226470678	3.579312272652574
3.4290334445751816	3.8406288815022953	3.8285881543343514	2.8348345051566866
3.333981141619646	3.1658117220101367	3.567854592722078	4.484276442241267
3.571025513010286	3.326188434333915	3.682789530440632	3.0813784419467467
3.680210488305733	3.087224554586408	3.760453678820765	3.185486090052236
3.471630686446712	2.859652455718183	2.9919629382167514	4.387502039575978
2.8544713572884364	2.8228381256782957	4.511123999319246	4.626333938011137
5.186669654138406	4.306580036472693	4.4571967694085854	3.237457159985825
3.402170056210692	3.120678747912084	4.3122665530999225	6.062297456183079
3.2293730641663485	3.671778910723132	3.043838562810653	2.9392345464035254
2.9847986363467536	4.31382819761933	5.587747580333079	4.012299081050074
3.984588953609501	3.419163427715422	2.8207882228412933	3.768744982094935
2.8822781410837575	4.696707990535256	5.154170526887069	4.771777291231032
3.598263033432233	3.508347755752512	3.0913393856762927	3.9737843754358178
4.780373633758831	3.68406092787844	3.985169164587479	3.887618463453867
5.221436696714073	3.6841234565017666	3.2035779535149422	3.071548229766772
3.0388388609297117	2.880614836305228	2.84185376234631	3.3163321557841208
5.090441315467224	2.9391964949270117	3.0189368827895473	3.177925927529486
4.753750011430838	3.0436612769953144	3.4694028047619585	4.952643578398762
2.9249504690775074	3.005008363279257	4.558303361376551	4.163808249864618
2.8978511907749778	2.871639268535923	4.484987635517484	4.535347919926285
3.0271801960883593	3.649905349484974	2.8702045309815594	3.435788764693771
3.006632295447635	3.06710495526182	3.330920867833001	3.6657763152229865
3.148666782925971	5.48364068952467	3.8688053652996626	3.4523818213967523
3.912432967210492	3.8805858737486005	4.231307692445652	5.679209405832209
3.095898399854138	3.074264185148203	3.1437531396968517	5.282972285912429
3.0313883703805615	3.5822997586611933	3.9477956145068753	5.15045777124958
2.868838308495942	4.011482877939067	3.6095457900762837	3.646461372136562
2.9605751577997057	3.484908255681594	3.0994267034773606	2.9600641647092156
3.455746741492298	4.464608601615737	3.272488117300849	2.838429686406355
3.123010783553765	4.197320659553083	3.2955609065124003	2.942848701761291
3.9060622546493886	3.020154585438629	3.154142768787427	4.002206078205277
4.75150295300616	3.032361122134057	2.9869956727325637	3.310263033471186
3.4053173715066434	3.768573683871278	3.924524705662413	3.273289534687893
3.2522510459775154	2.84727977077472	4.375294140925925	4.8813520234601855
3.0795273802009677	3.141004127446154	3.30452240325058	3.264627437019708
3.0732155248074413	3.496140918986177	3.0027755111453094	3.023731177652043
4.67396511607577	3.910263551820056	3.0406218154903963	3.165073858776376
3.6589777047483176	2.9653828869890533	3.21737851248551	4.9495789045034835
2.83952306878073	3.839651387880413	3.5746404890442505	4.290945537021139
3.006161952248999	2.9655872001997947	2.949933423491128	4.12516144653382
5.300987156910588	3.6692799772451563	5.046851576234643	3.215762830072846
2.8935809965748276	3.4554549233777356	3.227337606150646	3.771305517791096
3.053022750408847	3.2871210392101804	4.205578904110062	4.770686778686936
3.7750605506289983	4.437645096179679	3.0048686519248284	4.445261358836922
4.595455583535944	3.424564932139353	4.645745457830536	3.131036158974896
2.931784755180688	3.472158488940772	3.051238468635917	3.795264223674481
3.178939861276424	3.9043164843770084	3.0560736657718484	3.3576074907121494
3.358415189981267	3.358742144784399	5.239605962698044	3.1988863452137704
2.9539772443688506	3.591500487021435	6.12040440704992	4.054660876868036
4.497226489332535	3.4216043919757615	3.0211329693267133	5.075322570468316
3.179717333003331	3.8470674589906433	3.6562052965942597	3.211436369344588
3.26437799677229	3.9142003635943903	3.591275131868393	5.2459398203466225
4.596705921273086	4.203204316446064	3.239900069692953	3.1202853108910173
3.074509962673588	3.31825344417223	3.6091619077349866	3.4379542939088297
4.229177613268598	3.6788599344468667	4.357373035942086	2.9852634343366353
3.2538576817939835	4.1947314944141985	3.3660176964563515	3.1943950254371467
2.9967594335970498	2.9111926933714556	3.208985000846706	4.4430191630172935
4.5294306066524825	3.7989030304195195	3.7327631968523063	5.507536501034868
3.057905069847184	4.946470253808217	4.131338631061722	4.000701448017399
3.1726552822713807	3.2148943048031144	3.545757591739579	4.418718753588793
4.975218636440052	3.2060982431447	3.1395436595069355	3.198526156241254
5.030273028382757	4.533981403413615	3.153048648286555	5.0141155226028715
5.4350062241694435	3.697847665235334	3.0369184806963374	2.9377894711426933
4.781567969610471	4.439264313724909	4.149041310027768	2.98167392049687
2.8241493163133637	3.894796906716598	3.399865661909499	5.267287631796853
4.027356204454856	4.011084214440759	2.849863705663851	4.4919310221011495
4.949783553884675	2.936559812856991	5.464357611339652	4.016137537519201
3.9953230780679023	3.1644847718720266	4.931946623324274	3.9647009254487893
2.988198145813742	3.8002298455474497	2.8367943510077858	3.5279910679546167
3.7235678573923137	3.8842657009988626	3.9840474434208275	3.3604280643119795
4.586847037545821	3.3112142066686507	3.1739451400122323	3.592919638946542
3.252944085778473	4.40222052683007	3.123177630415393	4.234789163415556
2.978035868191537	3.590621056873549	3.052640437490329	3.1137776709332847
3.5217564153298477	3.3144062325032335	2.927548282912009	4.953791448120131
3.695451036712963	4.092368590276585	2.945894567239792	2.905682156257445
3.6878087167111278	3.0399200016920784	3.749792395342027	2.891199895290715
2.9317693383175394	2.9891988823638727	3.906167113002752	3.019997172837498
3.347880078165773	3.836356196983263	3.7505510130522097	5.198317256545571
3.027734601246018	3.2082571583070614	3.7537721190402586	3.3491401597310313
4.5450177842513275	3.061295953922497	4.3781564403723054	3.155817309554845
2.9982504323360177	4.543708820787752	3.4911798441901545	4.493712585412085
4.014649973487047	5.454509950041027	2.9071756912913322	3.3926135132871247
3.6144900260915205	4.247012728841868	5.394633134454204	5.487023713337042
2.86761549491006	3.543151848763377	3.591259032630394	3.4870173372930515
3.7358769337966984	3.0180780922992962	5.494863800720427	2.8622857242814077
3.7771564014989307	2.877128132566938	2.860863378637344	4.104998043513431
3.6426322079870586	3.1520453584530816	5.611657597627602	3.229082998806202
3.5923670380326858	4.049767510601471	5.342711974185423	4.301138508294938
2.959247962341621	2.946261049897987	2.894550537342032	4.098877334718637
2.941841107708438	4.321284610960118	5.130900885552757	3.1154511096715547
2.967213940468273	3.383944106580452	5.3843581548372335	3.699639285880442
3.950249225311392	3.674487658239191	5.27085078316217	5.058506516459245
3.5961685968421335	3.592074010350109	5.793927093562607	2.8590088888046368
2.9280174703734967	3.7583678143409913	5.4107897712960416	4.527450915558304
3.167671133166542	4.898221171483644	3.3720641398203495	3.902733552906487
3.0265465862976644	3.8321535307751313	4.888446111581958	3.903683983254336
2.9012430730581347	3.8261399216249985	3.107328408685067	4.335064449443809
3.287961950687029	3.005504618339862	4.939341696574521	4.392103968163839
3.040424719835999	3.6562182716723344	4.16717453561475	3.6361916934150136
3.0518418688358473	3.898315400129038	4.004370437026212	3.7290781730507283
2.815275083822626	5.330175830828516	4.419247543680634	3.6619484370352993
3.835293995584691	2.92668604494989	2.95797794324396	5.419040184113374
2.866079577517511	2.9475736591435746	4.16269369504151	3.535365607148556
4.250688529696978	4.261736932827452	3.3384394605019843	3.2083286522010592
3.012634269491542	4.291593030203805	3.3508072246131597	3.17216090096574
3.9514836933768973	3.322219518136219	4.333776172309654	3.4053066683891364
3.853761155093557	4.968699797769428	3.9017577663630263	3.8868049247357153
3.1018003355395267	3.724303538283034	3.068180494118875	3.879218533145673
3.7461152496387053	3.3055845647612823	4.940829900745983	3.7210551682059947
3.1073431901618633	3.185684307895708	4.296565139779551	3.955049338360336
2.84508047221492	3.0564518577783177	3.295901622906596	3.58640425381299
2.858261343726116	4.631725643145851	3.836635751332228	3.8230468733506218
2.9388107132896506	3.0820916127690423	3.1297323033013553	3.3906664831287863
3.160168342874573	5.193631542723285	2.9645464069044127	3.300091167230748
2.8905188874887324	3.8915960057531027	3.971213471384379	4.0701249834684745
3.139584724829082	3.150951527463225	3.5240459722874613	3.262454155793302
4.390340799244418	3.906653945050451	4.232532943494477	3.8427942225406535
2.9896233203841396	2.865162437159816	4.844102233908648	3.067576324141751
3.254800715006853	4.8797414307499904	3.2992714940118275	3.1152477338691194
3.1385306217508946	3.300026495782576	4.649832388511799	4.689506456731296
4.213894074702448	3.455345038581463	5.435435847013831	2.81951930526417
3.337359680042181	3.079858027032418	2.8760582840268043	3.1982883061845095
2.8929569350828697	4.019550271550053	3.0470775956972105	3.0262578183265916
3.7988624177069754	3.118254487911943	3.0265016296019436	3.0750246347161196
3.262309138908132	3.375865078157879	3.1931046276756905	3.6234670072152593
6.00356102022704	4.660629921170289	2.9154328244506416	4.115921241779122
5.449503162513866	3.265823629915338	3.4199460258975787	2.9401268350954495
5.3123315144850745	4.192379531055022	3.104649296901909	3.296007350255605
3.0410147494448303	4.7711355125796855	4.207679121783398	3.001096873683652
3.159202783943287	2.8691438162141027	5.166322883806503	3.0128475784138984
3.226127767078513	5.32630458089605	3.748763426789053	3.0474920615178047
3.7291103635606935	3.036194584794061	3.7987011408256537	4.13119871440109
3.0993009496599884	3.756527871400451	3.9104199873217813	3.268153984789394
3.807224853329269	5.249403259955473	3.6475892992052565	3.0065838868965447
3.9479012236136724	2.8950780017640643	3.4513669493393886	3.781454981351988
3.4078586399706716	3.0693972004955996	3.6999665271798516	3.170177559092589
3.4125886649719477	4.825944055782519	4.420542361251108	3.1041213241943204
3.2354266338203006	2.963482269917515	4.345951241554704	5.862186782800238
5.264246937804635	3.1238474702737684	5.279470780462766	4.620760622763371
4.847357902784929	3.5177436712997636	2.8830334521354106	4.025657762421938
3.552705806965075	2.8697302248664034	4.317842313944102	3.6223133404810817
3.020158796229806	3.126823602473706	3.7705388388445793	2.887089614487913
3.1311898217459695	3.014853224236889	4.7903935909008455	3.598535630200974
3.354907449562016	3.0988311046392365	3.035518058271125	3.1740709426318867
4.255547571152083	4.609846558772963	3.422633879180144	3.9283020936616664
3.42921259869042	3.696759131973054	3.0489167361632075	2.951916354565832
3.5751999965661208	2.931056051810579	5.209074842406934	2.921305168858392
4.420910335099794	3.3766092143200352	2.925176265477766	2.8619352148597375
3.717936500982567	3.3921258885887595	5.69972713550876	2.8751891409523207
3.2610704626128175	3.4120309063710605	4.026440040290819	3.418243811620993
3.4836252122726905	3.3932545483533665	4.158083358311388	3.0614403516971063
3.2983574388315895	3.349144793565819	2.955502051453914	5.356251929782488
3.1005727769738844	3.878446533323494	5.732702001263397	4.115405364429003
3.842824328234787	3.319969328377632	2.9700540834755014	3.9542903449696496
2.8443360504517976	4.5229058290830135	3.7364158653999953	5.4678869619231225
3.1072354844101095	3.2055184014107305	3.142779482412587	4.829356999928485
2.9657686431311134	2.9339587162527003	2.9641374436466936	4.553397491544243
3.167809260071771	2.9446911404947866	2.871912488357983	3.149159846555392
2.848026540594713	3.2982170582459958	5.490354103790025	3.488651728530831
3.2011377080221197	3.2810743166218623	5.102225267852422	4.156244512280195
3.031488690586792	3.5103809149295913	4.432681137033871	3.1746639510877204
5.233642595974738	3.7656841908741154	2.984078264797752	3.770724904759276
2.968191101194539	4.428010017370322	3.5893408650628085	3.420145879974619
3.2057342699717504	3.965735367718045	3.5934133723298927	3.4763864645609512
5.86526769617843	3.030082072751213	2.923533833467209	3.419924429127298
2.8816173811630916	2.9286182703606602	2.8842818078854626	3.2954395627696877
3.8253613276984972	3.1002891764738707	3.121039749599297	4.763420965772207
3.219986790147309	4.716523848116236	3.593621772323027	4.146342571192959
4.025712076910177	5.200332099124753	4.135982654055954	2.995784716070404
3.886364038893566	2.964262227444592	3.0267860714986137	3.0459786227370227
3.175160315591201	4.1641180832154205	3.1531928429502862	3.565082803270382
3.2934724370702453	3.172711059757129	3.235009700516097	4.968972308204914
3.639095517559483	3.2050145309536724	4.455210213765908	5.067652801237065
3.9276429284408936	4.616964596789785	4.062423476612505	2.958697326022167
3.4015281987985793	2.891382560678239	4.671991866058767	4.433602914112552
3.1357821545562503	3.7246938311179107	3.433055017030204	3.1669147969871605
3.522496731875599	3.347900349682411	3.4048256486240946	4.06418655614452
3.7139850395831306	3.2722057529674853	3.5665056251361116	3.679902932617098
2.962154105167494	3.8960906122683405	4.924246895007035	3.326062114705713
5.558993408846954	2.929363700975837	2.9966423126447563	3.191305485172855
5.240498881937256	3.1122255450180787	3.461184668475106	3.0905599818977016
2.9235249539355186	4.213241645254839	3.4976246762103984	3.1823884976246806
4.752627748558082	3.8492134609361894	3.082166611150534	4.731020014213369
4.040996740213729	4.182368939937643	3.4463028298949183	4.670788165879074
4.201440460996001	3.2419040762963167	3.2845180327554693	3.083044349299729
4.649951585970626	3.18389989147437	2.9424629625314718	3.478616771692817
4.889514710162814	2.94087797043622	3.3646183826624547	3.0210037768060465
3.123473942562112	4.5028797368045135	3.1859140344118497	2.9271361819885175
4.675310758122366	3.7883716542912955	3.826736406681622	5.810396107875794
2.9451843353981246	5.145026970371331	2.9131995312899663	5.6852461952357904
2.918017147534624	2.8553505552166194	2.948773382820528	3.4535604122941024
3.073983038059707	2.9566725073727147	4.026823973345038	3.639942560526479
4.863533030319126	3.7496444095609016	3.005550491437374	4.6405058450612975
3.205285190941396	3.090425498296252	4.993170784800463	3.2322028699563274
3.428125419447836	3.097813236620912	4.622905526107207	4.418933509261516
4.342409526295789	3.2271006138282647	4.941461131505315	2.9720596757260864
3.5014590301488875	3.1896345275444937	3.1361403700381048	3.57447786645064
3.245231871293854	3.7261634436596864	4.630052316570105	3.8560229454440695
2.8691845402982143	2.991924365100167	2.897274053123507	2.9401139904266045
4.169107361432437	2.852459435323771	4.945337898221393	2.9205883060102074
3.1015950788814304	2.9070803839406034	3.0031011305360336	2.9065741490877306
3.1804848918062842	3.2227903976839896	4.591423529059088	3.0110126044632173
4.821378599263533	4.721449945740465	3.5279150483925474	2.9693352226678225
3.2047635995265606	3.018024232117332	3.9813163928427135	5.403600521843078
3.306368695121914	4.130159758978005	2.9404396221739844	2.8569717358835636
3.797402908221417	3.079473115816277	3.3772827948041275	2.85435659170191
3.899573878683508	4.672309020580904	3.2502525115040646	4.092895375748358
2.977560972291199	4.186596512905919	2.907349832154703	3.404862100170696
3.5389883157660975	3.2969454784568435	3.9973389335048304	3.1923006695900957
2.8582665212407754	3.238857436878015	5.009367903771474	4.625480292186096
5.290172110041286	3.550361643982168	3.093117075116359	2.878959259777991
3.1401713250223597	4.6484084750063825	4.201792984259743	3.174316556070513
4.146859461039133	5.444833645212387	3.3972625839363375	3.046670741898879
3.6601694977826797	2.96824653855031	3.2453783330744734	3.2442367887018038
3.172333559146026	3.02266806808378	3.148428309283699	3.3318998186104345
3.5930431872816695	3.5090628348016994	4.1194522336848305	3.4082119333218355
3.149847842657262	3.6877605340553594	3.420169576964173	3.524310372046235
3.5782904086033667	3.089525325963921	3.986176705178639	4.730254428771525
2.882240395477004	3.855613865890553	4.164257816128943	3.3522819411868925
5.156688115233662	4.001860731882104	2.9328530005680413	3.255818399821958
5.200566188078154	3.8894008563107874	3.907387240862593	4.255304916040458
4.189173258922342	4.700437442597808	3.356428770945105	4.180598640200287
2.9463626601681128	3.060817225945998	3.873570862685014	3.2094231834266527
4.723487122730492	4.189628328736824	4.760272288099185	4.593961303456769
2.9662383799793988	3.4958768614117344	3.158489190431789	4.8545169948950955
3.581785056015022	4.947446099695234	4.210877898220772	2.891587665594117
3.2052471456753424	4.880661066002546	3.9387215374414777	3.1148895140146147
5.052352941340552	4.858994401351532	3.7230380434013037	2.858376167892978
4.6807179066412745	4.610712907475236	2.9345950097528792	5.494351349454947
3.4414999042076575	4.630783964436115	2.9235018734996987	3.4632604935631237
3.7820638066430847	4.647669048028946	4.084685566454034	3.8387724367814693
3.0451603964799845	3.0854393434795995	3.2601450030924273	5.602341273343754
4.843321486623799	5.7120448299189475	3.493418698062878	4.83092265757305
3.2760825231938098	4.998268144942654	3.0659880161055684	3.0085117889085975
4.33268972505897	3.853747901322147	2.9533429661368054	3.044700901279916
3.0760178306734085	5.0797408749799455	3.5966963093281787	3.5552291879139686
2.87191628599213	2.9434062856237513	3.4941372266872097	3.670960677764665
5.096298505435174	3.578063572606825	3.941826142723341	3.281830837867422
4.877617422872041	3.0342504833809003	3.6384064543191776	2.9862856550063124
4.941500111929943	3.823632474899775	3.0464586155271185	5.380918515979188
2.955439405739118	2.99073610826522	3.038844479290562	3.30991849991001
2.8105114897753705	3.794687225943287	3.2588772239812323	3.674460611921265
5.499602735356005	2.900297612764221	3.4379248551611683	3.6548999146038135
4.070848980187932	3.961779567091512	3.459331829832249	3.7414785838812
4.004944621634872	3.251903218263736	3.3412293294714415	4.986348216833173
3.538769891829854	4.398762233608088	3.170443574321442	3.261865831362755
4.1002735343806345	3.1743731335125185	4.329670747605024	4.297995540128594
3.1547389518628077	3.747003168776758	4.909640129933947	3.615355049726078
3.6178326216460297	3.6405278956634604	4.7570453915754465	2.9329799070084492
3.2066360519601926	3.3013554967424237	4.507840435612814	2.9417743724723033
3.6664735178542305	3.0196003309959667	3.586873527767912	5.190948688236405
2.9597786563350894	3.1221411416013845	3.4549118227394797	4.196300451191271
5.617151904794488	3.5978116041524295	3.0042457645847604	3.584322791130528
3.4211424518857347	2.845303051492402	2.9578316723007765	2.9342122960790857
3.066624995886176	5.839212513827325	3.1395184279235764	2.965437143374294
4.946800572045012	5.0418635517249974	2.861252767581313	3.1149228206654485
3.256406444427463	3.5160306162300117	3.592879398357922	3.946753136274642
3.6307670766063542	5.233562250806889	3.310089939264182	3.259225134117963
4.951775600727727	2.9792955184974574	3.6327854886611926	3.1747909730940544
4.978130349106934	3.20865280610727	3.4740020711197057	3.8591414471142733
4.063779412028238	2.9114121804987403	5.381459311547465	4.419898664663714
3.3757672469081466	2.889322012818558	3.524321518042391	3.10365544055045
4.5224918628404565	4.064360735002176	3.285539762964663	4.364440120992318
3.1440539767385274	3.7589610950318075	3.1405699234384166	3.6319168720968937
3.210811940792256	3.196312856602505	4.415334023140985	3.064917659113733
4.095915463928697	4.921402763772724	3.1859978911337175	3.9009660199753213
3.1387032692080465	3.127901146807628	4.970794296615591	2.9366545596525064
3.062354095724143	3.115468112294945	3.4889176934253583	3.152974001545256
4.624889930313013	5.3011068294287025	3.2067452331510102	4.753134274641845
3.6763230025567184	3.1937141035977095	4.567154119768509	4.771341184186425
5.910801829399759	4.7453756091885815	3.104058072122565	3.6536952372342135
5.123246977916796	3.300667874497936	2.902005744864878	3.5798744174214305
2.8395421798958878	3.407436667876007	2.981382969738726	3.2816200117692436
3.463801072681086	3.2402220143671077	3.320031612358904	3.784036236901369
4.504456122282997	4.049607905696073	3.371070504159275	3.0928739912933176
3.233420758045476	3.4045365842919533	2.9658559460817715	3.4753262948287893
4.975485374480121	3.080708937851176	3.975488006248761	3.496875311749234
3.082058637726857	4.5289863864515505	3.249069702171704	5.201933840490176
3.1898568460662755	3.0331482249054136	3.027391996392474	5.204540651576632
3.343141976600039	3.481083084592072	2.9474243673071445	3.867225372134574
2.9567518468402083	3.3291312631633745	4.8527805388287595	3.1607538788002905
3.8199622096655164	3.2878223595060287	4.380454254735154	2.9269858936329456
3.1157652651150975	3.3266301453789424	6.586232376127466	5.12775402610529
3.059038129953321	3.4177071355368187	2.8799680492429935	5.2980794417669905
4.437274740756258	5.752535155277918	3.0506720973544477	2.8875288229168317
3.7299646102093913	3.735288706250426	4.519089244807276	3.502663223771443
3.03253926278648	3.1136063687422637	3.489810877079065	3.270398367505692
3.0042182839309763	3.940477451587676	5.328535902767616	3.5324999219226285
4.005667241144299	5.126649536633483	3.2719836228501116	4.035326297777459
3.074568804338731	3.906386234558594	3.729963403413695	4.752135078012612
2.9414555867202337	3.086921253111807	4.84429040071735	3.4123124449730313
5.563104074735938	4.137114925877917	2.9039695816662503	2.9262206126199906
5.911767852147398	3.3602564604834604	2.956100804051728	3.0653461993729065
4.604057747508996	3.8484674936678744	4.95201487843982	2.9570052025582596
5.758166177986459	3.0276607961009097	2.931928407009603	4.281664365521668
3.222409302992242	4.602291028745347	4.630454209378435	4.331811284218594
3.0532429594534745	2.923044612158616	3.0938097131158973	3.145393920628763
3.58988788215777	4.477973571741959	4.095865738524163	3.9056596694774157
3.935437522312366	5.580293782473831	4.403591374697267	3.8015597992544885
3.3985504148071457	4.471059735480779	4.4285200442210915	4.342224491674071
3.3353481921191905	3.7175352563673787	3.2679148559189515	3.8856934705406254
3.99469339759058	2.9998338963077886	4.024920109712805	2.9887475283014076
3.0213968479708084	3.171304894588662	2.8978377215825963	2.8065525141303542
4.476246672984412	4.108763390780218	3.338290288056578	2.8063711098481163
5.625891755193511	2.9552098634569868	4.895894667448356	2.8031482429550127
5.26620015786708	2.8265520579229344	3.0740690254144893	2.8037558854856237
2.895358257885684	3.1454990585205254	3.4288841047909218	5.219277947865165
4.3210435046930655	3.516976811969066	4.651624058535373	3.4711912887095893
3.1416997647418983	3.5134154463407636	5.540522087253466	3.0199871210617393
3.29329390838396	3.3145379680211486	5.345436594570083	3.1636217395772976
4.048748998594485	3.687024461259567	4.837809519425559	2.873572418029627
2.827316362358088	3.495772414109425	4.668144971973206	2.902821781101911
3.4551107136399146	2.970204362533826	3.2533667384732947	2.876422501453505
3.39088580256304	3.2739257152244887	4.674298209181142	3.267758808710828
3.0459617621725066	3.320742557993095	3.3355399713326106	2.9748655341021384
3.0853554457069334	3.3176757581637726	5.141638068705357	2.828764473428118
3.0642778013665173	3.7529104690809456	3.422743770149351	2.9955737620542537
3.643080753648821	3.208599961110659	2.9550216583359994	4.1124301362546545
4.095680840507198	6.582303996188465	3.886054701632047	3.113406088504475
4.531489992184328	2.9424816439154595	3.651316682719525	2.9347317613588193
3.375655620350634	5.035375499875303	3.554277725564469	3.226389037534678
3.116326175365738	2.9652607858908797	3.5136722202127855	2.851635774998778
6.196031284522101	2.8112592970712997	3.3452260747389198	2.8639032112895495
5.637638429700616	3.0451131124306383	5.235882591742588	3.729069401983712
2.833240960382962	3.3958324557347517	2.995198395361122	3.880093111017863
3.122612317033623	4.779801879358212	5.11328380761464	3.872868005504359
3.109271674199534	3.2110575442229505	2.983163021948911	3.5798848504773213
4.002880020602568	3.9617634989900914	2.90484715682803	3.973098384048171
3.5006969533048062	2.977935048077278	2.998018322777048	3.105864440605083
4.8777527469590884	2.9235869377418906	3.979694828074047	3.8227347937602283
2.884531692045431	3.0215556931579757	3.948680443522038	2.958170823637361
3.3970833081513674	5.770632183836106	3.1865680724723253	2.891461411542226
2.9106616818938194	3.486718504420387	3.6289438737642348	4.4624427444244965
5.833248197050347	2.957720851083395	3.455442431538331	2.961649791150438
4.445953435736699	2.976332008196009	3.382599364616735	3.4932728921715284
2.8500288102413247	3.031010953811001	3.952011341730766	4.112783163531176
4.08643022493093	3.122680218268766	3.1160215581983897	3.0713349272883796
3.645077919634174	3.125238549739678	2.9628540592827486	3.8361898800128067
4.192104904271984	3.6358447672485235	4.731334206064585	4.962614321707652
3.2105781576906915	2.980603511178174	3.7647387368040794	4.8340910082096675
3.146407068610645	4.7156667758587565	2.873811934467075	3.8871069249790327
3.0230256850656247	3.282604318763121	2.9165831371281676	2.9318094972884445
4.039307870108685	3.4289418325674497	2.8921607282919832	4.44371711949585
4.299093361414599	3.8187287441547397	4.445422428719468	3.3235937757790492
5.198702315050246	5.0888895569984705	5.147978683175579	3.5206012503673794
2.9908273477204124	3.8685986489964397	5.259479385003028	4.245125818848092
5.532660340031357	4.833359301002313	2.9059844764535665	4.940617330765193
3.157721702178002	3.199842563298795	3.08348320793856	4.643120113862498
5.033978368217958	3.4866703444059577	3.1764602128899897	3.3300518640387837
3.6255432263294143	3.1088259758669845	4.987434460428483	3.912050415904406
5.604895308261609	3.4200292350498755	5.00974334206805	3.329304522968063
3.500747016200802	3.5992941564119403	4.920623622844056	2.9733607983628803
3.5381027527550106	3.836361171496769	4.630177687443178	5.026486875914649
3.605384848167764	4.386041223025272	3.118911610749026	5.344690171378025
3.108259670359062	3.1390196382022464	3.1059521800370056	2.927358962836637
3.1112732968732804	3.0369001738284958	3.826632222329248	2.9326529564639134
3.7283690607640745	3.051333552796128	4.275926555663963	3.614825174533269
3.00200548072405	5.291461578228519	3.408461096404278	3.457711771271729
2.874222616608832	3.0507571476456157	3.6762630512159875	3.167260036551085
2.9550966963572214	3.403114194970415	3.2240025268429147	4.824135875536702
2.9286385766642713	3.7390624071170806	3.045654804317554	2.9104261824187323
2.9199905304383127	5.127609396106725	3.5061547064698413	2.8437824442940727
5.538133981742333	3.054423720989833	5.6918906836106355	5.254425282793303
4.286290905996701	5.538718272296018	2.886024293778525	5.221281302059176
2.89080975107866	2.907103325482412	5.992343380114511	5.342939562556971
2.9172387535115716	3.0455064311005557	5.811383797952035	5.339071347364538
3.7287788531514723	3.6141533462403412	2.88893117924168	3.14390557610857
5.552883029338368	3.6768568836012125	3.3694181340977067	2.9295004407074448
3.285883654220075	3.3433081164575356	3.1082976459996026	2.8860622160513985
3.340734591910446	2.9931793576147925	2.967379660510896	2.9387069619766706
3.808131653526514	4.494441649625195	3.099264253802602	3.5877806299438384
4.712617499798475	2.869380658180542	3.699350066335489	3.166152529764741
3.0461579559215766	4.324861618604997	4.77512169873466	3.4273507112587858
4.3546977938657605	3.1688919512615055	4.057873823324511	4.282960480595244
3.355376610718721	3.9409961450398714	2.898853958050438	3.7680070072452225
4.06658874840174	3.518169485625293	3.9190313862964503	3.906413930834585
4.081657947647696	3.67041744290744	4.909106263094075	4.1898240368191475
4.240076264231286	2.9743074606077653	2.8994654152471373	3.022415372021367
2.947152946810397	3.6392574825000157	3.096167797863541	3.0297836227765362
3.1822914336536092	3.3168160571358447	4.050681514702663	2.894825696367461
3.7970247290882972	4.247581897545116	4.849144469845872	3.0967583586660226
3.8985176673815847	3.2536991551392416	2.9923602022849094	3.014377306641923
5.368693247370189	3.9994486360783643	5.233518296047487	2.9761870187893567
3.987053643462838	3.3323259772025966	3.842527919442876	2.9885146049132034
4.632839720739687	3.554456021748705	3.1936053751253115	4.944693415198757
3.4718557390347486	3.06921285656413	3.3688933256852227	2.9883654552565737
4.525741327614818	3.0909849835034744	3.0757642204692957	2.9785012950780256
4.106399404150137	3.7046125583143814	3.992877370093156	4.040394193406527
3.7362865740597164	2.964752517447195	3.9217737202500866	3.0286234727507724
3.972173327184006	3.067598686495878	3.339040575563735	5.452136157211594
3.4925932746347335	3.947327249516829	4.434129574299117	3.1861006024039007
3.3796225315804715	4.478389177786705	3.095786350468697	3.7633015264352974
2.9568685441752103	3.0284775432935644	6.091118776396906	3.293142371128445
4.34243515441299	2.945981848779716	5.867018934559676	3.1314411395643376
4.250047883013531	4.7630335275625235	2.9342086486754573	3.2510809564994902
4.145614587567123	4.338629681397454	5.154408405705104	4.4840915315623375
5.179434636506975	3.7864186641470923	3.0985992812841014	4.890112363360387
4.273557611261318	4.040568060702417	3.960593781534811	4.327567594473663
5.42271124131456	3.781563760227833	4.885017228632313	3.8057279980104006
4.769004676169831	3.5165997657740737	3.4498712634839257	2.9614618964625263
2.941522344745419	3.7543879486870795	4.412643323100566	3.751159351907667
2.8300474581502657	4.91229404423531	3.2712544291796317	3.227158990618024
2.8823709517791913	2.9074231093460527	2.9452782030135602	2.936627768493068
2.9937672978076826	5.960853670335964	4.997470462646345	3.5448591967520358
5.883714278271634	6.09599979134895	3.051395492059555	4.815880775795287
3.067980541789327	2.853091359566405	3.7846794272298574	3.673574683230078
5.0732621891183465	3.14857064037341	3.6429549686394354	3.283366182817394
4.324466857091504	3.5151131951058403	3.654017247049377	2.905674526212306
3.511087205088421	2.935739017623902	2.9051437438349743	3.33760694723338
3.4570423217062927	3.455635289954562	4.333844483242791	4.703101585793393
3.229267295995127	3.310413254051155	3.071575037111048	4.32781874192986
3.725875979510713	4.736460442910088	4.081859357169485	4.264474551128258
3.157021369324243	2.9934697708404707	3.390237731777925	3.6129730323262623
3.2078140421195753	2.8632206839600194	3.3208426841727055	3.6608548077535956
4.025369881734296	3.0289371275386667	3.3696904815793323	4.25896945636335
3.0594448357643778	3.034925448003828	3.1420657750761363	3.4352235936277613
4.849306899027508	3.51924194048612	3.6379334334705344	3.8575562183942704
3.854381992999408	5.336167037553738	3.9315176627438504	3.0752724477971447
2.894591490171971	3.0933106401687205	3.859018300072033	3.546858020924258
4.405495992388978	3.6165448554996975	3.7683258547096603	4.2454721363861605
2.8487174753873448	2.991399721718228	3.1976144381640337	3.0261321194308906
3.9231017286644683	2.909481826138231	4.384755477521535	3.297276665865249
3.562508097667508	3.4821548602491768	3.2844049294673097	3.361155202352279
4.0332850825764455	5.735744066513616	3.2772779644097008	3.9694676688469923
3.4450488681150695	2.8671329835096797	4.092757655175668	3.328423207852214
2.885328444424945	2.9316983127811085	4.281996243696852	3.1377981630863663
2.9692716885299344	2.887913815400516	3.9369538942801676	3.2557931460972047
3.186147753741908	3.110588828713823	3.0434614269005476	2.9258233789466366
3.0969388764953782	4.652589030156643	3.039154065683064	2.866768952158298
4.088804891142965	3.035511146501482	5.835127614500997	3.9594431328647257
3.0390631303043274	3.011462013159198	3.1694792863878902	3.7705101717093115
2.9104497735434958	4.481497381178791	3.544728756138834	4.142714924647088
2.9505396430560635	5.276248264090218	4.317457185079058	3.8871016187771845
2.8507594157550047	3.566940320803667	3.80698947551286	4.076174543309672
4.717465044738982	4.102508194988384	4.060606318311568	3.224414770941528
3.0960785531381436	5.337898635895499	3.378826941990398	3.7070405336127688
3.7883274317446642	5.806049958369539	4.123710378617864	2.93424528946324
5.479538933884566	4.741238735545769	3.42116131045744	3.4916936171948736
2.921333144505879	3.0147864195846465	3.506364148682673	4.806506005652809
3.3393896683146886	2.8679407401558974	4.437282848520667	4.810758449109591
4.0392015588743515	4.88829854472853	3.842177466528266	4.0225213024225575
3.033321183102313	4.141559034905995	3.7146091631634475	3.0989121639555797
3.762880710510985	3.7434193738101604	3.812509515075892	3.534199530663491
3.811171289411038	5.183313636856236	3.0040026547481196	3.3065676853377965
3.405609375291213	3.893668259342944	5.791099662472368	4.440681320728097
2.9127402103911635	2.8983843323119967	4.506394504177277	2.981850742895826
4.750097957109183	3.667442289569764	3.0814689418259738	2.890948407338978
2.877529126732072	4.030061471159763	3.1095144254149414	3.6688367778628694
3.1920462042423687	3.06747778868899	2.918467229254492	3.231532843918773
3.3352321128747895	5.2656672494903844	5.318339976767467	3.0993639086611147
4.245066420704275	2.915851160723833	3.043753370133726	3.5258601509476
2.8275231179716256	2.895247893966612	4.00991036457206	5.4752735902768075
2.8533715073988795	5.769688028114402	4.063461067047509	3.8720681119954174
3.2811633122438337	4.052477046008313	3.017163779385802	2.915877834751618
3.5783819132326533	3.233905799358159	3.1163654434640726	3.4768241817823036
3.2151450237394084	3.2123462633001174	4.370816920537289	4.2981546799188886
3.11730242065311	3.0834366339077413	3.18576263641723	4.313449673532957
4.752786581390783	3.5962340225186806	3.851842742007384	4.045892364834739
5.012191192877338	3.21030025556715	3.937474646690916	4.731959446415798
3.463838590981335	3.245393303044558	3.930881214515449	4.978784032095918
3.119689074685988	3.109492996888329	3.8893193548920433	3.168323489213562
3.4808631276830884	3.181246913857038	3.564982118547594	3.866007027636653
3.114383057115287	3.1404243140210797	4.77780238889652	3.313180385982065
4.075572348156905	2.89327938267173	3.853765991806802	3.076641300566254
3.4361729358511863	2.900016080415838	3.9323348464709715	3.107861626908634
5.15926101009917	3.8247941530587255	5.099713908823574	3.0826596955678838
3.830443474313972	3.0662803559511644	3.117709131768393	3.275097897321417
3.3089701328361874	4.313794261999946	4.511755444724528	3.988330917064131
3.599692860714077	4.884144002033306	3.190792054615723	3.015392513847986
3.2819686176365312	3.184618313427754	3.5234647853436103	4.302910643782765
3.210544799008023	4.472764803679588	3.602157188926704	3.658244323790894
3.036160772618316	3.2932398534894425	3.191858669128619	4.324684156601881
4.774233647635725	3.416922221632478	3.360157864407381	4.47646429173394
3.558290413964785	3.48149095391606	3.5172678616616957	3.315338246640089
3.4541002195952673	3.2270799000125465	3.4053959547606443	3.754550825590328
4.382557191666642	3.0321419866409407	4.121694176742946	5.508017879317892
3.884103307784835	3.3154758110391427	3.2621498742753685	3.676837686707775
2.980887303725462	3.3173598164393354	3.2308738353365984	3.2089195022424306
4.152812195279317	3.0810321021288676	3.557965833562273	2.9824553060361985
3.245664212057804	4.062105486096891	3.3745744094163213	4.652989031522051
3.455914396567042	3.9054733577210357	4.85935306440779	3.403539819095747
4.513628977797822	4.078943345214567	3.1782502589576627	3.4742250718873278
3.7521533685213053	3.6907539734422494	3.2582441243356746	3.1472383032636815
3.353789203265512	3.5350015676100375	4.315382056373078	3.4391277854836124
3.621888739631643	3.723349551416864	3.54800045251145	3.155989494526395
2.988763602234588	5.1209358251407195	3.681140910615521	3.707142331133825
4.369353231814365	3.140011578846347	3.079723196692922	3.9640274917452123
3.4564513641183527	3.335922253196071	5.6815815694579745	3.0530795517590716
6.275940935544344	3.0697087810638464	2.86910462101601	3.207998831215441
4.829190781269581	3.2911420482404297	2.878189269062167	4.308339300451447
3.888577777031016	2.9149567768281823	3.7117770723753813	4.61993918380456
4.750019680698749	3.274544901212839	4.383819367078889	3.119700213415629
2.844277756289029	4.039299415038494	3.402972640831196	2.9253402147039793
2.8543053317331486	3.444622713785403	4.685610455360285	5.453551802875991
4.782264498978274	2.938289113889613	3.8247820472676106	4.878877496364261
3.6634105811110382	3.152306449832644	4.586213459403121	4.576032165253447
3.2042856811442384	3.4768025580489432	3.657705673853326	3.051581398322411
3.911625162540685	4.834958751684649	5.885548624491698	3.938253327011683
4.164055600388536	3.3716466370849587	2.940547207270555	3.7253403567557695
3.2969542643507443	3.4261182551130513	4.865582981987269	3.470736043425279
2.99888092045203	4.609989679511125	3.4075474408388757	3.510697205206486
3.212011252497888	3.073402116781445	5.051619970437768	4.762517355181102
3.4719053280335492	2.8610692565108757	2.883459100989715	4.786151324713263
4.165942351464125	3.325566080638311	3.071783604362741	4.199808952272257
2.9445585693679814	3.822400641394675	3.3506481187651627	4.854463087191901
3.0333931732500954	3.986041667364854	2.951397805434179	3.2843881879897094
2.8694980655692435	3.693350864811667	3.439904022679035	3.179271256116203
2.8203268004884863	2.982110837082409	3.729330671742272	3.465112257414506
2.822195729661626	3.9846074986314397	4.690670266781554	3.952377649633255
3.7000375422284826	3.017258383375458	4.536757594709178	3.296172496195627
3.1131954416531817	3.8212034642568415	4.695416418367025	3.046103656641217
3.5102510237944005	3.869627793296569	3.629386760031835	3.3927573607709194
4.118896810258949	5.119455727431775	4.210816748501615	3.4453299224578595
3.331451945054863	3.1870041806623535	3.6010414565292184	3.4953941500695347
3.678630913753626	3.437292946574251	4.66885946066755	4.9771956539278515
3.803962297759694	4.3735543529721355	4.519766930581401	4.162677474956326
3.2229331697274777	4.843981260460953	3.639253582444708	3.4605180888468876
4.925184013832577	3.0667447998207287	4.366641184672066	3.158075535805163
3.15137320110688	4.809232488806849	3.622623167345087	3.44132431989316
3.347019744028681	4.68571401788389	2.984615659856639	3.515186579930989
4.177225922010793	3.606511739716346	4.197393358720579	2.8340239332546386
4.928718570492608	3.0450518492285985	3.276918186254856	5.291002565574392
2.9259278610431143	3.528076817390271	4.436954714691467	3.19087284785244
4.029437193050536	3.649372359824793	4.090686456436712	3.2623508438947266
2.815917491712145	3.264410787079414	5.575980290006532	3.5245198399120974
4.06704560708682	3.2673082113453322	3.511030487034644	3.188555833848465
4.16222622145615	3.286781844179613	5.423094047503315	6.210234879620536
3.1325687850696813	2.9846388736895553	5.37431311031535	4.778805074447851
4.350454862163534	3.1625014844258414	3.3838021645906844	3.4242768195737767
3.29336845098956	3.1963473408660277	3.6188600371041475	3.9669842276993963
4.639981374807666	5.270991750974838	3.5426486561897366	3.199756895882922
5.109673802897967	3.97043720227304	3.665492735588419	3.082930163459455
4.728580968617054	3.229096544756636	2.8427666262049565	3.882876989350069
3.8156787433932866	3.6517525251628173	2.853632558573266	4.52551971634729
3.344355503548768	3.370875855020027	5.908178366968594	3.9573525069184345
3.1980559042960026	3.0725265257999443	3.1782068897206304	4.4657042877817785
2.834070108287042	2.9439672111451616	3.9887557241352156	3.9817631615449094
2.871881439974554	3.389190887294996	3.4752856754000785	3.053096038699917
2.9752671435997984	3.7808133372150787	3.1983970981138277	2.847898465493708
3.3669390251478326	3.9720891932306186	3.75882452409102	2.987430738665865
3.5565946342911827	2.9811480305871996	3.013748608736808	2.821865746005098
3.104134186906515	2.9249363419532206	2.8499505070418145	2.816986413882222
5.568658640337609	3.109054911948438	2.8360888650346148	4.286471795073312
3.223177201115297	6.064738227492212	6.27311536718184	3.0890808135468526
3.2011624099851597	5.513288959927456	3.37021280512122	2.840388301421622
5.0527047638065685	5.374437561224339	4.598072371126557	5.066470851217794
4.075346209038109	2.9592233174919924	2.8781906465327456	5.32093740058647
3.6059824141079218	2.8647697575508233	5.17140961095446	4.186593449314287
4.089694625693838	3.1657799176288157	3.092643187575276	3.629563318631828
3.423909923962421	3.0065653869866953	2.8922492346352175	3.7144846667400477
3.6606868724727644	4.687610446414589	5.151330226172796	5.573144381937887
3.3597308575858134	4.628837189403952	2.924453046521628	3.783470834851038
3.37323451817301	3.8246819319095477	2.9018830070222537	3.2696341990996913
4.133083079414897	3.420240032727496	4.420223513113464	3.2758310530434294
3.4990304378138406	2.893498028885019	3.2143639768178693	4.294028936226105
2.9802491546288477	2.9278829369325763	3.600450441784389	3.7561202171576733
6.083661086403566	2.8562539243795495	3.812934127243013	3.969456907581045
2.8324260773973986	4.7741294964721535	3.1757267710958565	3.376023799817121
2.8583774963254722	3.641218536562768	4.039427936909213	3.2924715241737905
5.3268961069485545	3.204980022660152	5.016170708571563	4.317119757884578
5.022059969060653	4.179337305609339	3.591837469485597	2.9880401829796757
3.0739928812741706	3.4627492488946228	6.063148455101483	3.090348240397848
3.2236655322994916	3.1222024659002265	5.741300373185812	3.282239422708069
3.0593799422368537	4.614310017275048	5.5670052593936585	2.8592067406005715
3.4104658259130503	3.191365521362613	5.55882104624703	2.871705994869624
2.9653007771882547	3.600196464689591	4.603867343920382	2.923238338420104
3.637739423957547	5.5774276166147665	4.736459620497315	3.0410896023043708
3.186646441670252	2.99088690989655	2.870362437003891	3.002365991219836
3.1342004065007605	3.091099212366479	3.0739410069755553	3.4578557709653106
3.283717551178322	3.4253079457208484	2.9918574422967428	3.43506528550101
2.990819326830321	5.669183602099212	3.0122525537006335	3.574628993656563
3.4051088331484802	4.176782618188615	5.560831401331441	3.3414498388822946
3.931670391284067	5.661984496450859	3.920616872998329	2.9310542558564636
3.6804046754481665	3.111536974249963	3.1748719175193862	5.272586887349823
4.7042966866652405	3.612955775607793	3.5314064370760097	3.4108081578657226
2.9659207463091146	3.790292133905188	3.6272414857012842	2.901366930805657
4.069358547745569	3.984971859012525	3.515211930395486	4.405423264395301
3.389358486295203	3.275981000045252	4.69646122077911	3.7729031805415296
3.3570084931542317	4.180590502524546	4.226386037051169	4.0503498006638505
3.206686017585497	3.997614876923744	3.7308371214515166	2.9851433129817986
3.8616623251366557	3.209472683601834	3.2306069738883822	4.076147123457571
3.49636138690792	3.1083315823893303	4.206964421357823	4.344387983771893
3.6525437844892323	5.182224518229447	3.0240385007547714	3.977042063805798
3.0425065549474413	3.9830232351765633	2.9190857155742536	3.956545773207529
2.958951983379298	3.062775633094593	2.857584362850913	3.3239869591557265
3.031529138456529	4.152998463897978	2.86921766954642	3.8902832243647163
4.034816394627062	3.9068414918925964	3.052215983042968	3.8104364762483653
6.422460954182085	5.061980603841676	4.102609177807884	2.9155543148439733
3.5186542937868897	3.113321744911071	4.6660477766778605	2.9554518019485623
3.2070616853326177	3.3900051455328746	4.793027093104608	3.16432508067275
2.886911259235481	5.425610811103537	2.848879868852131	3.0285586295490825
5.072453442276001	4.806961226064431	3.168524064969077	3.024796772079847
3.0276163823007245	2.8691717361562743	4.191706736579997	3.515943761120904
5.258492735593212	5.079883865854227	3.3843280677037977	3.3125983061295816
2.9168954377344707	4.732163153047312	3.041742974199892	4.237566524527841
3.2278862699605733	4.057734469814052	4.502996622155423	3.0648503195895467
3.1604000238417522	2.8959650596585997	4.546776396113416	3.9612707730234424
3.1552331447495314	3.208059907792255	3.479917365239629	3.8895960753117294
3.29271356345484	4.722370600384007	3.33027345314188	5.111051699336779
3.365417578389365	3.20714139092929	3.4074571972465204	3.696606044059079
4.682317183816631	4.916718164510239	3.222696577071885	2.995351781525719
5.773274697405469	2.986947887130519	3.3186927789892207	3.8495164407660694
2.9981169434703534	3.020628122093791	3.208854698353819	2.9221951911953377
5.787459398215103	5.291494847198107	4.273256872118817	2.806022550768895
3.0048875998738414	3.0533657104390146	3.957497619058503	2.8433657938408494
5.4422444467279085	3.233213551557513	3.705576826284595	6.195868380567758
2.8977666283086396	3.0481432180790504	3.5863153534627843	3.433600651849841
2.8886168578800073	3.037213389692756	3.301377712799285	3.723340758699705
3.1275512251742255	2.9262314684216966	3.038518721026816	5.3669150841017474
3.863442948172096	2.8721146209069093	4.768861189213081	5.679382733491243
3.1254814521635836	3.6212269471463023	3.8425651144530972	3.016513815033092
4.490293189693373	3.943200089110622	3.146052743613953	3.029858744916196
2.955526630970943	4.139955271406358	3.652845440409072	3.375583406682654
2.9949512223313706	2.936255370862008	4.262890824216135	3.78252611744037
3.233128988438105	2.971190452366547	3.149456006707868	4.155468387408294
3.0330736549878483	3.0556567762174565	3.0103980972100435	3.8020864709665396
3.785242054986073	3.604740813318748	3.045836913691537	3.6842131746612465
4.078330996676011	4.034938353677724	4.900245355944463	3.0372313081084004
3.8323112781549575	4.070386028456613	2.947675606957299	2.9087631945451378
4.121981488607289	3.312658843611466	2.9774319045419295	3.147527213800906
3.4125200676015868	4.77216017547516	4.80900793582051	3.173476295721529
3.5296169822263117	3.0262130174577297	2.993204230453983	3.4437971604724655
3.4218771641260384	4.0239244260198115	3.261961252923098	3.6970325234133745
3.871909551846223	4.27869098647887	4.159918923842881	3.200126473148503
3.9546668333690693	3.706464141995479	3.428463366516759	3.675560489649767
3.3106090394039915	4.389138114017148	3.7791473962765503	3.8423028779296655
2.84300003075707	3.6298892119503243	3.4837209013543986	2.9431098686123605
5.092513294533048	6.08050577874364	3.1785080271198964	3.0421233886292307
5.0006752178918035	3.1247047974975306	2.8683439742712458	3.635494725994924
5.537186112735448	3.2785753658410135	3.0673157004188156	3.7984482552597205
2.9034535762100635	3.8057171438518695	5.059934353257932	3.325288244763803
3.35911010367454	3.5960339903624075	3.188358517974203	3.4736112368306284
3.005444109155439	3.5530031771209147	3.8055484869175302	3.488315248462413
3.830645137532371	4.267257256786232	4.200157368316119	4.724850628007832
5.282751207200457	3.983211889555051	4.719319607323335	4.89293037963132
3.68485224765792	3.1275121016013956	3.039420204713751	4.045451813017874
5.407592132779275	4.1686376859205225	5.289444026323043	3.1236636069506885
3.4472970361679787	3.5053936422367618	4.009923698012324	3.1981567746867205
3.0910338555965615	2.863702786788163	2.8797827986898508	3.933444467705497
4.577438781922903	3.355164663470679	3.746617759759916	4.249915395321418
3.6024741090365824	3.131483761194217	2.8106649422419046	3.1304454202090475
3.325476577618301	3.5759449313026512	2.8841343221017857	3.8729657588941206
3.5273531780620693	3.3348411301719154	2.85960965245861	4.1257014719343195
4.625168465599444	3.0463812295436226	2.860005233754736	4.507576897117933
3.1132447339123233	3.2671564509348423	2.9810366692078776	3.525038450513284
3.849390690205939	4.795653509616462	3.7046183327074957	4.126875945222031
3.5017197842143846	5.122318072942458	4.048156256746268	2.984772905782669
3.429352598543981	2.9664973961410297	4.041973927207505	4.406996501695283
3.9680962498806602	4.538744371845576	4.11528219056788	3.683325439191861
3.1127237789077036	4.160231327013567	3.9152069433734615	3.2531260933417987
4.654475631289101	2.9047710694510758	2.963736091324106	4.709433274681878
4.705145009634359	3.6753434297476644	3.778591078747187	3.3230377095036645
4.121117811642293	3.285937633007441	3.3741452742840714	3.174292855755346
3.771546885502116	3.0041398396232926	3.5086528689440373	3.804476232155706
3.61881348674138	3.2022987464157495	3.3161202531748892	3.1628375422365043
3.632604923306446	5.3377970506458405	3.49498123559043	2.8782176108002098
3.185578128554183	3.008789667535058	4.75107011081898	5.405086510332391
3.777130143861669	4.483957848289728	2.9439090005370936	4.708659068792879
3.616320041513255	4.290920873660639	5.350401546074643	2.848318684167568
3.333105085001822	4.148237607756216	2.8421849088470457	2.9035100651452224
3.0800049053418554	4.990573894195311	2.874278074987669	2.8258645281172203
5.156729276461268	2.894267657057853	5.145650770361587	2.962387668034827
4.359581385007074	4.00318481462468	3.5219621850493197	3.2591400029022495
4.627387377153877	2.9382454388431185	3.5327343728302867	4.105972820713793
3.5902067009748064	4.597211223094885	4.100725861837544	4.3639768195943995
3.044107505805715	3.5135667987119747	3.158196931517209	5.138898907992935
3.7000233676927214	2.8702521427664047	3.3486369593281102	3.578627379618613
3.105903638733904	3.055118257957705	3.6519869195476824	3.5407009006658607
4.610486444507778	2.8692691833552146	3.615394818042091	3.612320476725528
2.988540837095412	4.218418053322549	3.8009034094336096	3.2735817184453637
2.935858044248753	2.897860638080847	2.880140734418683	3.9838500108002832
4.778930395922266	3.5417027629855253	3.429384561873047	3.100982576763311
2.910662455823631	3.3131082970998786	2.9671081278497913	3.32133904665618
2.9368444599374293	4.717240914733908	3.6594990965802587	3.1504383180373114
3.049641612911336	3.4332250030084226	3.164628866872383	3.2515443061719758
3.0199075388173586	3.0312545977492897	4.091820136860436	3.1998820549728975
3.5819935820284705	2.889609250365061	3.950207639529391	2.85148259272224
3.0867170218561357	4.892464225679804	3.6033899033950973	3.3320260799775436
4.505831968151576	3.3814564860206984	3.4311016758179163	4.252035349993955
3.2133719213889522	3.1177320649924987	2.962927774151158	3.2674930900215604
3.772327946543932	4.722095703785152	5.735409431950057	3.791960855947609
4.711296677423753	5.34001546857146	2.835536462583642	4.365944848343838
3.794549031908516	4.260616863506266	3.012386133896352	3.12182213126141
3.141255245624286	3.1988011710747455	2.8352400269168854	4.674007674019685
3.3085689313001865	3.249350494995006	4.695063251872767	4.126784740605967
5.024330634296742	5.300071263888908	4.49466870571408	3.754834250174975
3.178579132807717	3.9965520773842993	3.1663046931051	3.8755662087272738
4.4739638108604645	3.292913518282001	5.211274014701029	3.7533766329191414
3.9784169728444585	2.9042103830126376	5.140349787678847	4.601261124028124
4.3648722329348555	4.8550618108248536	4.546611766866768	3.7004361785167745
3.4598564837123504	2.9195673655076275	3.3076606491875182	3.1691535362470806
4.055660904589182	2.8386753981179074	3.9806922822428508	3.7290745795873943
3.7082723234034947	2.922139573407955	4.504046005741397	3.1017523081083316
3.2113528991179665	3.0796412214388704	4.265205403087531	2.8020813571497096
4.895024941876218	2.988589447638175	3.2102710073051863	2.8072572369621938
2.895207968727009	3.383201693465555	3.1122439649301117	3.241746155849092
2.9623301243259927	4.113582113475147	3.6029023806136884	4.902595883216559
4.8560201831849374	3.506529917575584	4.106709553044492	3.0461734247912338
3.3083184628214397	2.9680407035771847	2.9241133346948422	3.211625142525101
4.2659092604803615	3.008063015194029	4.715806587001041	2.8574600937729255
3.3357048621378125	4.485678407513134	3.0192474263222726	4.745960378058854
3.1990115559692627	3.9361418472883787	3.244038546700188	2.9092195622993278
3.3757516220517076	3.076776378132636	2.8525009741082323	3.0322343134757306
2.861904904574484	2.9591362117463236	3.1428048044004395	3.273183506485477
5.1388706830043045	4.6613561747332115	4.123085709460747	2.919619150047331
4.468595976079559	3.048790735258172	5.084484042903153	3.1062398601838725
3.176088840269877	3.426318216120646	3.0682321256168863	3.8069924213583834
4.024507270151617	4.704449764764245	3.3859039982390517	4.5769367290837515
4.45785928945694	3.7067171425419687	2.959839952706189	4.6048109868515725
3.166666818579861	3.341494045199164	5.152531682028952	2.9122337612746265
3.9496957044783416	3.826974921244745	3.058001810663633	2.9122337612746265
3.085068665720091	3.6591250656181273	2.8859774201985804	4.213342585243678
5.041606263574754	4.350468884476808	3.5786203466964994	5.115008745303348
3.103138688535972	4.06929549893912	5.014844432825314	2.975941359472714
3.9028916601093355	3.579303218965319	3.6684366193590474	3.063244952622659
4.315839009762747	3.491780642269655	3.5560057476271565	3.268398577435214
6.438732644038527	3.350198794267436	3.095598188333814	2.822636036400301
5.211538100620611	5.275575239489848	5.56306471887277	4.748292889417373
3.757382076646083	3.8119614658005627	2.891897853367861	2.7978746245595203
2.998694193258097	3.008430297236042	3.7850991086619485	2.8087715366722708
4.634962614870613	3.0945416639492005	3.159319073192923	4.16009794427249
3.2515182218004366	3.0167167368785606	4.195847764470221	3.4730576740276735
3.3349152858818805	3.4496201773597206	3.164019675155934	4.868151429201459
3.646286582725881	3.077877159918067	2.9944594071773345	3.9155750798455418
2.845173950908303	2.9478981059440095	4.096862383305727	4.419309945919762
3.521300782967958	3.107132674450318	3.2863065134323057	3.187663825651105
3.3680019358899544	3.4229145808273382	4.040493037154776	3.591786252019273
3.1827047540136784	5.140374499187795	5.0701593966418415	3.048289838159788
3.0437332632071312	3.079847315959126	4.437752701814528	3.0700897143071435
3.1861480033888334	3.4150619564932305	2.9038981007166607	3.684656106085094
3.098494090371897	3.0169538187844944	3.0535417025039044	3.8338313252212872
3.892495276455742	3.3556793095657627	3.726695635869345	3.2365965456284336
3.862368763723274	5.744580291924792	3.253754024520437	3.030469903080632
3.0628289994366584	3.47953367322918	3.874907686988075	3.543948165622998
4.160101625294967	3.3365322489697284	3.583047528245623	4.199971533800049
2.9793963949655144	3.3075074959379744	4.164379831450718	3.5900000546625908
3.2171867583614624	3.458819183669995	4.835906536050402	4.605413772426052
4.038888944366413	3.1712987753764756	3.352812200932626	4.9060424748587215
3.8972809034791274	4.0634399088059805	3.065240254808428	4.9634315968875145
3.1447212365087416	3.420353746123417	4.995369865712507	3.033503050866975
5.43077203264411	4.8054139016292865	3.190588243728585	4.128856040175548
4.1526944043613945	3.4289612772849756	3.293994715717873	4.273059278761538
3.2538900462881095	4.3752512586154335	4.128620659262147	5.032598926018623
3.4064530775286155	5.116574980887094	2.970173001850012	3.06073497893464
4.024361624543877	3.326264931789055	5.347210806950056	4.210298095122107
3.4418163865239544	3.2241565043340503	3.845850019556967	3.81833856231035
3.419480868851338	3.016341380052569	5.308163514347667	3.0916250159853673
2.9474965285026586	3.3719334771501486	4.585774581808425	2.9887122631635066
3.2226529003840723	3.8268188422412637	3.0997009102587687	3.3948347686503335
5.039856506545677	4.009930234960198	3.9185151268647926	2.8917631866627245
4.989779740977709	3.013623924747956	4.10687926766201	2.8466499132382683
5.106094252029259	3.3306241971061397	5.552208307099919	2.857344105588369
5.61825858078957	3.5695932055778075	5.681412745717466	4.140530404663508
5.260402657786869	3.311313880554124	2.903082271951897	2.868123957050701
5.836596479396635	4.609375060539227	2.873148077960959	2.865624361514836
2.9241916544902935	3.478510468174534	2.8514712260262396	2.9956436336003494
2.924379517827478	4.834512463148335	2.971221896490463	3.4780875039485446
5.242545845853021	5.252398582028354	3.6859556643143936	5.473081327525933
2.8703433120111406	4.27715689201203	3.082845786498738	5.400789266263784
5.377006801314805	5.097035027149293	3.8144721271417037	3.034258108664483
2.9394110753841907	3.14087112997026	3.421495256164675	2.988213181710509
3.1207839386845793	3.322128236503869	3.4916177145172362	5.583096488404121
3.1776256182343454	4.3210106456310715	3.5849790006487767	5.423022720099842
4.480019939160974	3.6235033342061627	3.8289319964360495	4.887445735926301
4.420833955106384	4.036769015773841	3.1967627081178573	3.773322312464856
5.560780149101007	3.3510574173650043	4.658345054157098	4.4911951406315955
3.9651201828221696	4.986214112133121	3.0167553353268586	3.5050982159869974
2.9831878429764576	2.850526285998016	3.5341887289230547	4.374577032274196
3.257072646830357	2.9101737965090297	4.037874905619066	3.706254599527566
3.3058297424581946	3.6624512805639338	3.7251310311720722	3.2885951964774187
2.8789919076765917	3.4211708150554676	3.7764637711676725	3.456280787484781
3.0452311918519435	3.0807874657581014	3.627354005248697	5.093130144339482
2.965620670806718	3.7041495496930184	3.637246271858982	3.7661550775453456
3.301977277023232	4.6160921699529815	3.5373809544636314	3.1765627401692047
3.060046234929243	3.905097184806615	3.1124569878411084	3.0246762010380968
4.885218932051144	3.071260480143292	3.6389859306028245	4.335316723114786
4.253725016367326	3.8272614118396193	3.931573438926592	3.519450062954229
3.27224434433407	2.990542462507201	2.949420078947382	5.017430034076028
3.306159951098034	3.288092125678662	3.03984458867934	5.017430034076028
3.2413800926025944	4.379428249041772	3.217173651516038	4.376637788420185
3.0601679096080505	4.957636717735902	4.909502984285567	3.4133329726127917
3.031749369998561	3.382146903507358	2.945503870136295	2.914664273733878
3.867106018747245	4.010118668744117	2.9054388415641608	2.8626980796504475
3.635727934199081	3.5368244934667668	3.330890191173496	2.8530520771284573
4.5610705379208625	3.657105389755856	4.039436952511083	3.746607476765875
5.414049093153956	3.3672171212465214	3.333156966196511	3.2229005227565932
2.9815063060957834	3.986594822941731	3.4049584329066986	2.956824478107216
2.9972527273941125	3.2915170337803628	4.9152768484421205	2.8413235395186653
3.809954514743213	4.208467479519783	3.3199290050151045	2.8390989308123493
3.1215048532821568	4.129358443784569	3.9608883459428883	3.6020955435011603
3.2922913233925337	3.9459675110020087	4.569722824165046	3.195672650668675
3.0129730462582165	3.572777648792239	3.01582314958855	3.607945276057242
4.537694113841917	3.5274228057655677	3.907279536066934	3.0573012609312897
3.2320026636872536	4.519236042417189	3.42565053360656	4.928838010286263
4.385099849246293	3.5397466717742923	3.8151492868899104	3.5485240177029738
5.084070276710516	3.2411532193044006	3.1463263994522634	3.881484743613082
4.804107404221499	3.769391791524259	5.707169047903777	3.594458964146714
3.8770258624192437	3.394773100375802	3.1344771967203604	5.1895415129970335
3.0353140950565973	4.15117246428471	4.86834587664478	3.6348414244590423
3.0116044652101683	4.622150394417515	3.29150217055462	3.0133620972998507
2.988545212530762	3.6783212972388775	4.827696318619826	4.105534000545274
5.249277931127717	3.4232639377590575	2.9725492152487614	3.625526460150609
3.0935255246262714	4.602007825410578	5.940518709177167	4.872789553081468
2.8764261243091114	2.97213721354405	5.440467547054762	4.902943258149799
4.929849073518783	5.130830454124775	4.667720176913224	4.190672650459068
4.215094096440033	2.985442903796234	4.284031400832253	3.316230490945096
3.1425979854033903	2.9060224357479116	4.805816115574542	3.743344998971907
4.214359314010428	2.8528424234506744	3.4984928753224183	2.9510759184531197
3.060780711715917	3.3986856610484395	5.893643257165622	3.997469240653785
3.329826442960757	3.7303532483683277	3.9080647184418495	3.461512674202935
4.1047426262969235	3.3523611223421335	4.454848870656488	3.540194843026591
3.813491138864279	3.568464379803969	3.5986540409667485	3.8141366517744846
4.463098016515379	3.985894504194027	2.970807615435851	3.04185559306164
3.4282758912141276	4.859073066178531	3.325909996080257	4.384966810235065
3.1540824635913136	2.937284559512923	3.0474844479780447	3.919373845945363
3.704677244554406	4.918719639020153	3.367060399703358	2.9341639805479147
3.3228939454969275	3.942196854963925	4.893624681964066	4.568779922465897
2.975203949252812	3.3213486678777766	4.451600100791728	4.035460623508686
2.9504894714674257	3.0596741647965278	4.899423955348628	5.083300083607148
3.169334943575997	3.409478061105315	3.6429279717292937	5.128392088127421
4.00954788016941	3.788230492100811	4.421022180227889	3.003182523876747
3.2266677768421044	3.0398516022274205	3.0338635529494407	3.466284138065145
3.44366232234231	5.045276994829898	3.2010888793348022	3.551395733845083
3.4499554945748665	3.4945152638020627	3.310325717364128	4.094345410263692
3.80091523633254	2.808660024183894	3.831806908992135	3.145220224748584
2.838276197436071	2.817034693563427	2.893780888237707	2.863230572330401
2.8819920913465897	4.0297524696119105	3.7564674055801834	2.863958908521179
3.3015129159969625	3.414805125444706	4.124292391296361	4.323646694615415
3.5913453313122354	3.373750865476875	3.26933312608256	3.7776512426452595
3.2994797909661306	3.050683953899881	4.785214831658301	3.7930741939103036
3.2656912325411387	4.320554178412475	3.3274949116163315	3.2984815436137116
3.8747211251748195	2.91059732348017	3.0737338425522567	3.453022180878325
3.159647850872493	3.3742007105168925	4.386409594924464	3.39189045173552
3.37725625979224	4.281284201818028	3.7711326026317304	3.4764543502108873
4.350331083763221	2.9397058035121155	4.0091806864040365	4.799275047391995
3.8656916737802995	3.3569927520978196	4.582752591944094	3.157632004137399
4.813890811923007	4.009694848305678	3.458600890902821	5.084164343305541
3.025435121695124	3.7828515454709764	4.87745622617634	2.9200051551930386
2.9008381873892928	4.663902028456375	4.4350138379836945	4.1026357574934105
3.6988745728576427	3.0409167769480607	4.524580967576172	3.8511009363537827
3.1878446593273964	3.099878570516644	3.070899321368289	4.710061337145629
4.460443931450223	3.012666371707166	3.0463041948234864	4.402304992269737
3.5294183052872143	3.2719626639578445	3.054991227905333	4.36844120577061
3.0672255171181435	3.350645640386446	2.9765802157284735	3.3831037398916655
4.225095169447374	2.9252345332842142	3.813811302035832	3.175771755356602
3.317586983777834	2.951861235807235	3.4882098919623727	3.0710981535628807
3.3248143903773832	4.339106613749799	3.648449242417666	2.986073031878375
4.105332425557849	3.3357958321924195	2.9732121228923396	2.89015517611887
3.9545032323317697	3.2542128251396925	5.54643382436651	5.046553434758749
4.3497103540765805	3.916089907806988	3.556103935073649	2.842480384162173
3.017043338269115	3.362267340022333	3.5438451230850685	4.298624651665733
3.1965929270784255	4.3792932233945585	2.9870349334041304	4.057407171346404
3.0580045901943667	5.118845106500721	5.065126501032401	2.9220900900047297
3.027295819607767	3.3071153806516547	3.3499059668827957	2.9014740052175467
3.6953422205894535	4.002946986298891	5.836414227306047	2.8618701419114405
3.696113827281402	2.8856495830988846	3.0221137850321895	3.4083667979187116
3.5252585347209497	2.977564359186969	3.049229978618792	2.8355551968452493
3.293863295861072	2.9180705921663694	3.2270161462959894	2.88504707620582
3.519068480012871	3.1647406693609073	2.8700997663720247	2.845554865554112
5.491856189511868	3.8248546705741595	3.3865978720667433	3.0409756819516267
4.149073933346157	3.1106109879438346	3.0441965209596615	4.381536008231107
3.403895095322939	3.21294113624687	3.7890215955827187	4.6177372911363825
3.294730186911042	3.62427436214538	3.0093981058146033	3.170652023718427
3.15509671960287	4.21462869605573	3.0394807134504447	3.5501591492487936
3.1087300324239866	3.3868315107578715	2.968561953254663	3.4392027508425005
3.3735347303930583	4.106323193584222	3.614908696443022	3.253964027184721
3.808896146953575	4.001640044047878	5.144013589528393	3.29319686276305
2.9522499386478156	3.8673862813331383	4.552585386568516	2.9366354037879643
4.221133713723423	3.632873652095536	3.1444469472266987	2.915429726684332
3.354887977010869	3.5070553756568255	2.9230025874556342	2.9871723367361587
3.4252868859072665	3.119116221729697	5.709823198362913	4.160964210222533
3.2304454450956968	3.0513058116782363	5.62477895955837	3.821626536326147
4.32262555142095	4.700474439454817	2.92935023966129	3.1383200657155577
3.3608734244095575	3.913356671083429	2.906645313693149	3.95561928257636
3.211516947915224	2.914253286178778	3.597194482103052	3.360437486207999
3.7873359619559936	4.738662578378704	3.1385071721707107	3.2587088374962727
2.973870086704691	4.905257994374533	3.746067877035266	5.293009733156393
3.8845386286472934	3.492768378598224	4.48253914025769	5.494673060427494
2.9952704504304846	3.674101697914163	4.798034926205195	2.880968366763673
3.5159819371225685	3.2850500396476585	5.268861757054751	4.6052754601037265
3.7263556030634293	3.1772786094204024	5.895788112591438	5.304243276448491
3.272180855242662	3.0810347458900864	3.208122852798823	2.9436269392580994
4.182821244131817	3.7415105438202345	5.8736396478499415	3.637411966036409
4.615515457766307	3.423135182467913	5.015776680598651	3.5213526999477347
5.165162001617556	3.646785841748633	5.755081481216656	2.974317850649408
5.375076529893098	3.7765460389982755	5.909394898404486	3.6906471425104415
3.107922760245484	3.4456280542854714	2.8682693956315037	2.9105496863479434
3.803934448113142	3.3567097415092015	3.1214607775152503	2.8496215954654245
3.4633339830478516	3.5619787530136704	3.4727026292143632	2.859542851037105
3.2466707628836615	3.5393600373439225	5.707740686800134	2.8372371139254224
4.691533065166892	2.8576061160964823	3.1589360227561514	2.8125458603344766
3.0083408990027625	4.9955347032676	3.0746892071341505	2.855080586158037
4.877898740325289	3.220741157150232	2.941222497430938	5.834145525228135
3.207455035471983	3.0159677671119267	3.935249216165068	2.8230691005622046
2.941192142892575	3.95172074278787	3.190577059467251	3.3275707494401843
6.030802141583113	3.917794027870235	2.950270440255759	3.313001315453661
3.6463045249614527	4.022830615352493	3.938951414382638	2.889881156838522
3.3332616299934745	3.484982640984917	4.1233323532255355	4.156016637105738
5.566526605473036	4.058204541840932	3.0994095875858765	3.133735588583598
2.9879028232809226	2.9258679488338943	3.3502140735900974	3.334774182075133
3.3507899973653026	3.8105931734411143	4.336851319256001	2.8824753129379257
5.052587730143796	2.9405270953197657	2.955586790897394	3.9848957154437215
3.0017615812916025	2.992895979976308	3.5688432526230365	4.225651944597482
2.8236398513417913	3.0661383307248	4.018850632319164	2.9670959017828116
2.807197890962765	3.825281879941999	3.1693956873967077	4.739965181089268
5.274368492898181	3.2122165740533175	3.0563898857863174	3.103981652725621
2.857714558210206	4.305716798989844	2.860766184358428	4.859671080748338
4.312312121752311	2.956209574582928	3.0837470486836853	3.749975733486866
6.061258769437008	3.086623882719036	4.5375836729379975	4.07787326587773
2.951734265077566	3.079285895664909	4.2309766927543295	4.761877196976211
3.9496442605768998	5.21309790321891	3.3630237192042376	4.585933093932902
3.070257788837175	3.99831085619563	4.0718822045996514	4.243756767415684
3.856154563132251	3.520095042888702	3.698397719155243	5.077446308896896
3.061631153061791	3.3277149641153403	3.3544601153750455	3.453820175985296
3.106574136897216	3.416835225920612	3.7418307464005327	3.7224703433337796
2.854257999184646	2.886686968163807	4.356186495064284	3.6942019458955473
4.530271245573504	5.352107089069314	3.128516566019024	3.0904950649711482
2.926457316657054	4.062695476598556	5.037730585021638	3.5697731143852294
5.3233874517899	4.791058119171453	3.5168219516605617	3.637705029873884
3.9936573840106306	3.0241865070650347	4.780464648881258	3.2737485420099457
2.9054192204885196	3.6239828084000543	3.5141786013897693	2.90261802712531
2.838563277568498	3.1251069955415582	3.2826199881325193	4.056956017360982
4.253990453724505	4.043441401303981	2.9411025579013486	3.5861155679021786
3.5064783768417325	4.058689617817119	2.989227453347568	3.00587591824782
4.3747121887069405	3.084713370236939	4.151718029474523	5.921583138322099
2.9254235814499023	4.043213537856235	5.328042620758187	4.631381865660978
3.2362939197660623	4.616650014465281	2.8235292576118605	2.9371105838404907
3.750496594244449	3.0650573794557903	3.1146531346003328	3.384926627681926
2.9416980992821955	4.278551185887868	3.599039812121914	4.920127340200571
3.1140625107451125	3.0187069006754843	4.186797460813446	4.978471052392305
3.125400438220428	4.069466108161416	4.918178579591654	4.655351178043358
3.8562152306440827	4.004662492784512	3.1819936971744744	3.7391413309870165
3.657131073238038	4.082892558930514	3.4391807457355243	3.909137901061003
3.2583584463150057	3.3086180272925683	3.035568656003969	3.1638739975833476
5.162836810752286	4.766175150248144	2.9628245862860845	4.290643932166889
5.819082046852186	2.8899703668921064	2.9192466127643213	3.3478606238530917
3.1364457629100264	3.4555714360342256	5.739691315036529	4.851610690054875
2.876111480325547	3.023077851511819	6.604078396624841	2.8917604961291343
