2.603865010641841
2.599383887591584
2.6057183133330057
2.5706988516791256
2.740591822445596
2.6213193883053223
2.613869287438629
2.602441258554435
2.6146876517367605
2.611360700554836
2.6470647291463196
2.647799967943869
2.6059389174660845
2.8885057155194254
2.5781698756756692
2.5815772617283983
2.589825990666893
2.5954712614109225
2.6571752588976807
2.611446215783362
2.6703319222832334
2.6173126874712986
2.88264452331391
2.5720955608999656
2.573596350409024
2.5744747553959444
2.693622991146501
2.641744761586198
2.590040653723843
2.5854929078386126
2.5773806483554935
3.0753263017681203
2.591603587749492
2.5971920109468862
2.6193096629301156
2.5973710769353153
2.6123508490982807
2.6019742363260283
2.6329775690582524
2.5815845362573966
2.5928052021359953
3.5454659147881107
2.5982569955339163
2.587595670953651
2.749153097806704
2.609376694663071
2.5857609034064972
2.6077889994400842
2.6303644863410414
2.680377389659967
2.5967892788148177
2.6448495201652342
2.667833032834139
2.6209586236252127
2.586693721974414
2.628395033086529
2.6064584186604174
2.925088754589273
2.6555257152035985
2.953408808959465
2.5737345493132016
2.627890551301303
2.6134377223434204
2.7629103719827497
2.9080435676059637
2.530159982477182
2.6624004639250223
2.5767069069307107
2.698940836541637
2.708355916489882
2.534859774015101
2.554756259925565
2.5345961614072863
3.222506401910654
2.6728618315892825
2.610962023572513
2.5675318127638533
2.623069494047019
2.849147165290612
2.725882327362762
3.186752570694991
2.5901111426296213
2.614972340512775
2.572864402178133
2.5341961301211127
2.5197843267688613
3.0066091758585145
2.836330087629799
2.901498585656885
2.6060494291378236
2.586426343022027
2.645267869457969
2.6422402222708365
2.636796556073082
2.606086113617761
2.6042791713582627
2.55504360930733
2.618100183200208
2.555123980297447
2.567099632065984
2.5675371427348965
2.562680697817263
2.5567080141667198
2.5583045927669446
2.552128137311114
2.8860438248204883
3.095355565647211
2.5690720320619023
2.5589691420039298
2.567627659856796
2.6094770917338215
2.6088638090849194
2.695099211861691
2.577044813491891
3.1232476749443028
3.559154293550186
2.6465957974770875
2.76661574901442
2.637875755130958
2.9850730079946874
2.594665365842584
2.689742351969608
2.523225266182441
2.739063580070268
2.556088201519254
2.586998935616295
2.554607288285629
2.5925015070868405
2.583294208052669
2.642513056344573
2.6054147758453867
2.7088962219988915
2.610318057947988
2.5366145450125677
2.9128136858406437
2.54404762157694
2.607959918388051
2.7096612570963856
2.6203108219214726
2.5946643209562508
2.608891497281227
2.6171486418267245
2.608741799395482
2.65244151440394
2.584347401422925
2.6001766128902006
2.6028618587260404
2.5886709782215855
2.5799320286676783
2.580081664246802
2.6318197092625044
2.6115370455852296
2.5712043861075933
2.606018465176858
2.585970168846079
2.6101689949861178
2.653332309571727
2.6283131168830085
4.313956179512128
3.469158518935431
2.7025815993910878
2.6512163968219262
2.544579460226713
2.6653612256592325
2.5605944791998048
2.7221990729013674
2.527269420959683
2.5707358838506855
2.55332290076783
2.7256381518758737
2.8654509277474607
3.1843239192029147
2.737796009116847
3.195285207542084
2.719945464350779
2.600249240164206
2.609567610664479
2.579390087331762
2.679938792355211
2.5727334305573772
2.600297520940998
2.5765353783741305
2.6249907800251
2.636939931607336
2.5817829767124163
2.664672049264741
2.5830553753334042
2.5763971215902783
2.5932820570213395
2.5782413192508975
2.6863081425497053
2.646030897463369
2.603903309155853
2.647664289916216
2.6077833920378217
2.613414823240835
2.612626103715023
2.609339717118111
2.6188378231900513
2.650786409148891
2.5808501979526963
2.574201833861373
2.575466255031763
2.683997827141005
2.6024792740253533
2.6093438268316245
2.597316250101602
2.6476537262411126
2.6085007154723803
2.5690420649810104
2.672860444824511
2.586414110149775
2.633036198815528
2.5862200826854194
2.6106355916584754
2.6032823000235785
2.6328075342000616
2.5953802342199697
2.630129596137116
2.6035219260918288
2.623347529815808
2.6082856629508258
2.595818957199289
2.553480279531948
2.5917400213291346
2.587637344512934
2.60169724349695
2.594066376821058
2.5941109935374387
2.585540929051668
2.5800320555103857
2.5970107340285566
2.6745337866047
2.5899294698534723
2.652359660303914
2.609542670835053
2.628046228055276
2.5956670776987223
2.564397527154652
2.5650780052876625
2.607325116001989
2.6558328439693084
2.6085027819346753
2.5702018293427376
2.5869312867978262
2.623807615549151
2.5747385476666267
2.587781323115091
2.5834470908075495
2.7110695731875016
2.580085024157038
2.625341862068298
2.641816833540804
2.6257591131167817
2.581857627154345
2.5850258307991116
2.6545631267731586
2.6231731011859543
2.5946879951538153
2.5917284814771095
2.5869772524985475
2.587615182425689
2.6255889037844535
2.592948078779298
2.618670250521097
2.589652937822013
2.5924242155104844
2.613383413561386
2.671486391458762
2.6077430586696013
2.6134207773540084
2.601345410863362
2.5733181467250534
2.6824129124523473
2.6298562747916026
2.608483083460111
2.6140081303420772
2.5954458539726426
2.640479134345115
2.5880994618971243
2.828241543611946
2.629383014676038
2.652242569839199
2.597496348517921
2.618400618029935
2.587762555914041
2.603391741692621
2.582881881640635
2.5762515168910465
2.584164175830735
2.691667489559929
2.593089655909872
2.592320229833
2.64740988634329
2.76790954117342
2.5839926634760784
2.5923045854722564
2.633820736574621
2.5987926673284436
2.6098255825712338
2.6745985750057346
2.608717787103349
2.5815838170041663
2.5957554636385067
2.5910832285986465
2.5941734922937147
2.6344085917541706
2.5990349773688677
2.598666583704099
2.6215249598205395
2.609068669652178
2.6004017440439626
2.5787468056664977
2.576671505943281
2.586402777653896
2.6160591217967357
2.608085972979226
2.615852318383019
2.5553700079370896
3.4751019610205716
2.542008284507058
3.032803529727458
2.5908662324630267
2.891821623216762
2.5931801379598776
2.581977486449283
2.5968722448832455
2.5726977844389163
2.668507249476816
2.7943932481091864
2.590057558391158
3.323586659540024
3.9047781966993176
2.658850678628126
2.5880063652109477
3.5282320748027063
2.58154111479004
2.6105355237778527
2.6137178893511486
2.6097581216062067
2.5923018435419447
2.613628372135315
2.6062688828141845
2.6037759163536394
2.6298880327583056
2.609768750376574
2.6302388601568776
2.6507897278577888
2.7090277004241674
2.6027600604966064
2.6470795547382826
2.5720646999913392
2.595489176150193
2.5789597843980188
2.613078728769257
2.6362116378084766
2.6022213141169837
2.5989583917420207
2.7307447529640783
2.699432074590705
2.6219559355578927
2.6048188752475387
2.628571693436874
2.6037200205330917
2.647930880061839
2.620304733353045
2.600033960972226
2.629710906338218
2.5788210654772357
2.703339954295264
2.7169135679428513
2.856480346739624
2.5817607205570887
2.5832196545318826
3.1261496683673764
2.561268793614556
2.6848243301538703
4.151582976685162
2.659114177498553
2.657311182835316
2.5676380932301264
2.6203000300538952
2.5753262227980893
2.6498330924923725
2.6119539044475046
2.5748438970530616
2.5869678631473936
2.5777890024297814
2.581035912188688
2.6269418760134617
2.6275763286912595
2.6058547683052007
2.595609207911786
2.6125825390130952
2.6343674414564333
2.6124453844308064
2.633492118306296
2.588702716443371
2.587922613513271
2.9787056201582307
2.6661338696320174
2.6624347598125766
2.5475121790933355
2.539622635442152
2.6076351874111925
2.6206944126461673
2.6060425464490846
2.6447191121004723
2.879527920456232
2.6171154700627763
2.5960355292416217
2.5915163609320055
2.658897652533982
3.8885566089368178
2.6198133887336006
2.60001905790321
2.72161596617785
2.618397225546587
2.6153632572389522
2.6156954335516818
2.6463028838584397
2.5994109865632984
2.7555522045376097
2.5754777301872345
2.591422791353347
2.64369992273049
2.5766780873627457
2.659443561148755
2.6020636436818094
2.62841757720707
2.574304595259423
2.5708307360710894
2.57530467719102
2.5700512151543506
2.6165489411503184
2.58590894477914
2.639682959419766
2.6106244371526066
2.6040096820841905
2.6253831856199272
2.6103293169636146
2.569142427592256
2.6134306898145336
2.5865435462730377
2.573246314705362
2.568302000074883
2.5844196607150636
2.653149746940738
2.886222138041575
3.0483303327265086
2.9906688288272796
2.828540526337284
2.804544166022984
2.856279471179197
2.6048668579008987
4.183817040792512
3.06061630040409
2.698442504844535
2.5295300477164218
3.751169062089015
3.1728018503689266
2.559955465170741
2.5249937793549893
2.9459851490767663
2.645423773162875
3.4142292741764817
2.805608968409203
3.0218156100517413
2.914768300025891
2.6286426518033363
2.543440506977519
2.544988290628707
2.5206526868616193
2.5201372423028503
2.8470474078221346
2.6665074992389926
2.602292556396177
2.6399581806127146
2.7294447892722
2.5917933396809123
3.4507504304704746
3.1795934535086237
2.616260513812767
2.621766064519389
2.625328867255287
2.6384568156592128
2.605940697102069
2.598639339531477
2.8244309578812063
2.557480293082043
2.5863076480633302
2.596802586481877
2.6289918928666873
2.573803239783562
2.6230300947109573
2.58454797816142
2.565025248641811
2.5681939513671557
2.6103011659054336
2.5856376356552504
2.5878867882353225
2.601428754455491
2.6152576629557647
2.660542805378726
2.6166079347582962
2.7409173760928054
2.8075993745195684
2.6569954556210065
2.62709777097967
2.5330141517807414
2.573993827755613
2.552016722403723
2.59742557631008
2.5517477884894326
2.595072724218916
2.5542293740565047
2.5680069199869013
2.5278225571574398
2.6388151199912935
2.543809953300239
2.843851853532975
2.6092215076527077
2.6253400240293425
2.909269639158685
2.527430472858116
2.7689589991291
2.5932558589454953
2.60464266650704
2.6393132679981965
2.599278995251208
2.6525770156762105
2.5907168547299495
2.5585491346564746
2.5916969886123846
2.6140786669326657
2.6045115855229395
2.584463220879516
2.577187061340681
2.6223959712333285
2.579713930759165
2.616692046501001
2.6144153713049576
2.604809715399089
2.5435132748919145
2.677048545123833
2.5860598360505804
2.5709836087365368
2.627828067927917
2.6523929085092197
2.5955051223655143
2.582096150249126
2.6250337105115134
2.5925204419650547
2.605494705477307
2.659171433795563
2.6459539913268273
2.792501201826561
2.5891418330815545
2.8773284051653962
2.566455210706652
2.6205962738841238
2.5802027082078927
2.585958001684739
2.613195821121028
2.627180768683381
2.6388439621497515
2.6322813945746266
2.6049119217312735
2.6174444480592527
2.625215752303439
2.8846368200253076
2.7398894613043
2.630223072536611
2.806387451661389
2.579336591600364
2.632751641821702
2.613675027925532
2.576868216241108
2.5704792834306938
2.5534354855880097
2.6543177422669135
2.5754075876989053
2.5730833158170006
2.600404736994557
2.628600133392306
2.59784382365313
2.629508524416597
2.61822307251014
2.584554312444984
2.6095312544548643
2.591043011406856
2.599105428628296
2.5941950995179632
2.6161365198266475
2.597426305201216
2.580359747732044
2.57847655703113
2.659750047111488
2.8470512924761966
2.5624859511579965
2.5321660017581116
2.8422247098614277
2.670708151693675
2.600429567455739
2.590881143488552
2.591760865702296
2.593773812325309
2.582311150476213
2.59772722351973
2.6091112461752335
2.8474339244334383
2.587324720027099
2.5875488970778915
2.598870771419365
2.6142908020219466
2.739307056815497
2.630889566858449
2.706790072133827
2.5465954500172465
2.762317122322322
2.5486317777755234
2.532266655008663
3.1007097849497938
2.6682549887609097
2.7195187924096693
3.2673512739854047
2.51450340841364
3.4650232941232444
2.6062894874175973
2.6740038267624224
2.6073417627346815
2.655863443508384
2.6260910281560053
2.636955906437212
2.5746262119539294
2.590662333433878
2.6155772470823253
2.5920829603020765
2.573896089285153
2.7392911321908047
2.6319357431543096
2.6037037031140686
2.5938692823785514
2.6076033109551955
2.5733433615862844
2.566132364713745
2.5616709895515863
2.6044331434940347
2.620671694217973
2.597486057687636
2.6229185168532982
2.5967253666835
2.599476234796298
2.6188853308325872
2.642012025649876
2.677961725016898
2.5719502130565246
3.064347498506404
2.694400732785791
2.8368708137632037
2.614635791568422
2.6515071371727124
2.5940013906664574
2.5733698645093233
2.601183407585357
2.5954703718420107
2.5943016390037044
2.6076160343487347
2.6720820413465494
3.678602216239379
2.816499997264615
2.5987117720712707
2.6361100248922806
2.5200870197989
2.7575253371419306
2.6153067428489836
2.628805038398077
2.801979213791082
3.045247273776148
2.6637104906518565
2.6176049115097406
2.8466707036889534
2.615871672492352
2.869699086341857
2.5826473913796537
2.643099362945305
2.594005231872489
3.1122207965791797
2.9277461078809304
2.902064266975533
3.0235210512257384
2.7327574028380273
2.613171418060004
2.62698932523418
3.2069458803457067
2.6793645900224843
3.1693537520619546
2.5745289218333784
2.596996858306155
2.9243412629457546
2.928169415795673
2.6328263018471727
2.551600013320704
2.618455314613104
2.6062437017506555
2.5886936801943707
2.5665422657070263
2.580071910902981
2.591946341274765
2.6068187655972395
2.6716270729157863
2.8788716430913266
2.6383473152358334
2.820084455001715
2.615493756941662
2.632341148075462
2.6295605920341503
2.7727446394203765
2.583713239272147
2.5810916780425406
2.58065732995498
2.774874861688094
2.8920704224083726
2.6517978876288657
2.760270256003543
2.7893364643942595
3.296074852283671
2.5967009264887904
2.7789249683848842
2.5398139320446376
2.6230354069024244
2.5296794327132095
2.5877963014232224
2.551508011876365
2.6168288419258494
2.6365077680986024
2.5840122960120837
2.6568590469476443
2.8371691753165673
2.548889639615022
2.5854220337041136
2.5415548558273575
2.6314543577063736
3.518526282205706
2.70437111912997
2.5894025073938947
2.6721689662369634
2.6984299116515107
2.6899835823534906
2.51129091076707
2.619101281365989
2.8071369872384553
2.550568493941782
2.794566053086691
2.664998032298232
2.601980168560252
2.9716886831652802
2.5838039769583645
2.8157028932846724
2.859586096869225
2.6285496017084626
2.7206034897128797
3.110883923487857
2.8505122301109123
2.5197501070194286
2.5176958576990707
2.5544839976825178
2.580832292477326
2.950775944291422
2.5537710869032964
2.7501559930335766
2.6378936300133984
3.504752476647427
2.6069352365996536
2.5421824924606806
2.611349481094816
2.534636855828487
2.5512671019662094
2.5734024074536697
2.539704278222783
2.544933766684831
2.524734152139256
2.540355920023041
2.9035001699050835
2.9784149828129207
2.669350623626439
2.648697677119435
2.6293404409736896
2.7012876003799104
2.577738576998864
2.5322995329898346
2.553529606926065
2.7469446715555375
3.219282703950437
3.9537542447162286
3.318979197443994
2.619225969576226
2.535933181208801
2.694714748471574
2.5870619534263213
2.5187113478139955
2.5441683294518818
2.5743048221439553
2.8220989596563655
2.539786523382304
2.8164946656268546
2.619571408365485
2.5984229941412504
2.6820071624330826
2.6357591379681296
2.6153650343116808
2.5503275343813696
2.6314915154958802
3.0674959611209536
2.7490253345561504
2.639513000952572
2.6503761661648895
2.669012719598899
2.5721384304867763
2.551159611852205
2.546431384015515
2.5656356568063288
2.712841823027656
2.788726843542939
2.8939165788055456
2.9459518959509463
2.671956265675508
2.6272586095017503
2.6296584764153996
2.653216742738716
3.333446065161138
2.6454280004756776
3.805840914368448
2.871067908814231
2.6251512945814883
2.6094477598093455
2.594937595165769
2.591348087064741
2.5851061257310075
2.6099810149763734
2.599649487244319
2.6198232611278938
2.57601707302795
2.6017257060921577
2.681253190454869
2.6359357044355622
2.6314898957296826
2.7319725322098947
2.690399226027662
2.6112208983842162
2.5898906808002184
2.5883099110603505
2.589383695573523
2.564650659811192
2.5792065048051933
2.6771778983995915
2.890977605882865
2.627868849167285
2.532521186184812
2.967989228750131
3.3147849580994095
3.158087492445844
2.513372965478956
2.586105651510751
2.617141255269785
2.547997329020225
2.6121250752754763
2.5151052553063113
2.71981116739516
2.537535035801305
2.761986160697008
3.0083748501190977
2.607129035566148
2.5876451424509024
2.6051839129164325
2.605624894349636
2.624194909614271
2.8339127265965613
2.5978871676182083
2.864828143877733
2.6654391712150765
2.6223259033773676
2.5823937370176724
2.5988622959151235
2.843240761917848
2.635213126349094
2.6261695143572745
2.5989162656900042
2.596518490135399
2.5880223164896954
2.645940088859631
2.602459837934821
2.623178197630308
2.6246691222563414
2.6561170632247166
2.5838513303015205
2.6140126354703854
2.609127388177745
2.5869536520034444
2.6793024327282393
2.784182222658435
2.595181180101449
3.019465805494311
2.8179524440376387
3.183108815074434
3.204427899490406
2.7188321799988335
2.5782027387190007
2.5575431886386903
2.682090892383503
2.6091755293708028
2.709850447875614
2.9409758904450385
2.79676021781619
2.989900677853304
2.9736125563754374
2.6593764125608987
3.1060780808185333
2.7991804387402555
2.7816727510165764
2.7476835502085106
3.7520639843897823
2.6688339632947065
2.6601428784400785
2.955786246583758
2.7114786078889037
2.9087537492770776
5.141165813284033
2.775010450077299
2.6311268451341743
2.650091138716201
2.5942042125767517
3.386688513194273
2.5801426791657622
2.643449105363814
2.7342794392763556
2.598644048757685
2.8526428937689796
2.6378314632606403
2.60549030783898
5.036865641653301
2.6022664513406615
2.60631223921793
2.7768492572294536
3.0620862772326065
2.5773481686279385
2.755070035352303
2.5666701713419173
2.5556444705508645
2.5826551277449177
2.5868586698235623
2.614444189874581
2.625203081661473
2.609620581168163
2.733307862984924
2.574310250668321
2.7700705876851535
2.869708014668507
2.799917249873111
2.5829252335717836
2.615115407899002
2.684767180048254
2.644483283730184
3.3909711885399876
2.6949422251472255
3.152942001775707
2.878312440350351
2.6010589073988464
2.589977406865156
2.5798261038056625
2.619631397704236
2.582722919991111
2.583946871016342
2.5812608525721066
2.6445294306409464
2.6423216319851157
2.7491667940114475
2.6419310812431824
3.6991859779439404
3.2897956884955386
2.7114425858283164
2.633509128067009
2.6579472101660393
2.5900081004224433
2.8290182716065395
2.5895367466909036
2.5930378001618757
2.60436366762367
2.5964275234916503
2.7101736618813423
2.6275115491585734
2.687024808925517
2.6667829510791945
2.8673570706789637
2.8110295522029793
2.598663910936859
2.8183442379409622
2.608843690402514
2.7049617579831082
2.556858086932831
2.6088305320922465
2.5851646924114116
2.5762773937777976
2.6030008765028247
2.622497833087124
2.6237779089894864
2.587736637822649
2.5952539568211512
2.6075534203390607
2.6267426603463835
2.587399321964324
2.6748143365629704
2.607214996595598
2.607743266862131
2.5931494476677304
2.5838157705538602
2.6125462142859646
2.6002125618857947
2.694202881137399
2.594531506311916
2.6492631343652455
3.261603660723619
2.588624680446763
2.9635098826033053
2.5712170075094756
2.638029138761244
2.5259949141409135
2.7029114683545385
2.6603653508275893
2.6287941533553925
2.639035144751051
2.6116313327807044
2.554869242501242
3.0768852843480197
5.369215089707235
2.9186976332271506
2.619301178461005
2.5489639182958195
2.739352949971551
2.563116093574094
2.732976224978131
3.419874264126946
2.658504997538579
2.5964916591131306
2.678002038435202
2.642502215923496
2.596030151439361
2.593845097652665
2.957145311585923
2.588512633575851
2.5513031692448864
2.517325984560407
2.5953626738427094
2.519793188382603
2.6354023585277653
2.6396232092477083
2.9712027726283767
2.6258046567522357
2.5588262262695265
2.5588262262695265
2.5278562287871957
3.456758079964819
3.496603721591922
2.5542973333734427
2.553891074545938
2.6170579116594186
2.5582352169300284
2.6319253601779424
2.537726373193194
2.5597796266405033
2.5357957491834178
2.6591858273901616
2.73207105368947
3.9939707958106
2.8112670214670574
2.651313509869703
2.610749610842836
2.6084657985010913
2.655226737836008
2.580507709450075
2.5828874640562787
2.591231096305436
2.595214410548824
2.594121873944377
2.5767306504598992
2.5740826238710697
2.594078535257392
2.6540534511212766
2.6225278796169125
2.752476956247945
2.7187192782207674
2.6050752440180522
2.580601247696557
2.576703838872825
2.5659115756328275
2.6841581527016554
2.607146371261774
2.610573680028241
2.5784503361580646
2.705798035480029
2.584330236003315
2.610857234922211
2.587777798691717
2.642349178108578
2.5756408840388554
2.678129661552007
2.653711072457257
2.584788357079751
2.5747806333663417
2.587523297321029
2.6614594201384962
2.600700036453113
2.607149107377738
2.596864235994033
2.644896859317804
2.663300519162619
2.6357570921116986
2.6279779989210015
2.5756070748142474
2.6229461346129064
2.7864555985127133
2.564073229464562
2.7710688810914386
2.6972983698707305
2.5332921148215384
3.0935261510987893
2.6305126040180853
4.244075528488179
3.2736446116517737
2.7116292084147378
2.551223163061217
2.5264122136458242
2.57554017620435
2.5849558550834084
2.5931133428729654
2.790638844110851
2.586308035079017
2.5534895796736707
2.585808730384306
2.528948585552276
2.5805048241007196
2.539602409980464
2.697795340794575
2.832328197226989
2.732073716680104
3.906009763647085
2.667041775470665
2.669184101581787
2.6726127192579394
2.606825097886466
2.6948613336130807
2.6756200808423958
3.048834178711626
2.6313583144447774
2.6140633415842522
2.6112864685709534
2.706034831727823
2.657067775154969
2.586727801440631
2.5955081034952614
2.6128107553068474
2.6049092763043458
2.6426775901270876
2.6195543492537268
2.68251322606368
2.648748777675892
2.6770651390291427
2.596405124291153
2.6426309244774204
2.559716223296496
2.5592917650289766
2.558245123471533
2.5587295490511206
2.559240932177768
2.5675808902697934
2.5658486000530605
2.5684222327088637
2.636920823500733
2.663322983215413
2.6211070539797507
2.6023689044262004
2.686762660077142
2.685968448180699
2.601482016059347
2.59187426379006
2.7499966537889433
2.6032676275232416
2.6504550538673235
2.6075860809726956
2.5847672166597944
2.56694886511939
2.5646340508843535
2.568600491426132
2.618810266453126
2.583892691521135
2.5967275993115955
2.6563539255846376
2.6197368301397947
2.6883561839594377
2.609504873991321
2.6316358560384776
2.5768691510486907
2.6190843125839063
2.611354447466271
2.622033706629237
2.6039428621137866
2.591618263514051
2.595061096476274
2.5750805444674802
2.6097536740311256
2.649463526337766
2.5961794514425023
2.578836044768005
2.6002268234859107
3.3525533669144
2.694878152306674
2.69888163754849
2.5966448603261876
2.6224313028662243
2.6716512039032745
3.104152540192006
2.6178055592912566
2.6095088068014207
2.850045205828838
2.6674937570707993
2.6580927301695363
3.9470614480904764
2.5746692940057376
2.6511860959607216
2.5902447126364647
2.6190116747150274
2.602191743256866
2.598974203439677
2.598711881437894
2.630842243689514
2.624815841696903
2.5763329852337935
2.7153828898138306
2.5708156134146947
2.562521850617591
2.849304399275635
2.6036909747134134
2.631022115290706
2.604741924000624
2.629913779694283
2.5865255315445754
2.6484971281956295
2.648819343361123
2.6761983003792813
2.5673885911080063
2.6185870462504255
2.583375708572059
2.6079762692449613
2.6026878259352624
2.6726975532378807
2.6568352872358574
2.6850777816909552
2.620080010892054
2.6477266271791677
2.656135176615235
2.6471455961217334
2.631476299151098
2.584118665568891
2.616264139838086
2.605718979695447
2.6206913628233455
2.59320368230747
2.64756767160456
2.586475245389117
2.613396736120629
2.5966395123652157
2.58675593080772
2.584671060241303
2.5670295583666203
2.6160574873947997
2.5839315832590453
2.6113020997613496
2.5933109741408136
2.603289904364094
2.6718514847971875
2.701047445588924
2.7226426452975834
2.620278794545424
2.6645480499642544
2.5564542226631537
2.6042591147927205
2.563626535820156
2.5221467411954546
2.6945008313159375
3.7871841624960525
2.82846193982451
2.8755288009459266
2.8537975503777506
2.7012568590088715
2.77873656631537
2.6038270812085322
4.5747293635851864
2.5809079985416608
2.5743420842611533
2.5653652381491865
2.6013262540014788
2.6221819203523102
2.5932108914428786
2.7538131257822753
2.5857458394676325
2.597703395190421
2.591128276520868
2.6049971960130294
2.605031400883334
2.580376519295571
2.6533827169404445
2.6176363974892354
2.757305934508774
2.6419677312856127
2.5717356133797793
2.642802511766237
2.599518754983255
2.601400150775941
2.6808917877662792
2.588701740159591
2.6223535459920075
2.6086967854149616
2.6123503231829472
2.658822158368473
2.607530384578768
2.612884512778397
2.610492345388097
2.593528619212849
2.65781043981976
2.615533034927944
2.583489680919523
2.6393115162089025
2.6022290202150864
2.608466302856493
2.60475117162109
2.5872600612482226
2.6219893857277428
2.6443828253772774
3.0857602666122803
3.018003965452887
2.725653862930759
2.5517327093635265
3.056484144767562
2.7969423827957156
2.9337374482778285
2.8148738279585785
2.950906575037679
2.6291643069149107
2.526071634890554
2.610119172923536
2.7864288003050453
2.9904655754768954
2.5844547692872957
2.6375967073110393
2.632499729666869
2.617253329000932
2.7013008449032125
2.6078479536304684
2.6132493720161585
2.586722257325091
2.775147629644793
2.982608694051447
2.678146607548508
2.7499149489172825
2.689484158482757
3.1209725506929904
2.6445449664853364
2.822534486804085
3.4410061429221845
2.543464787237087
2.633932628282536
2.8430259244597798
2.913353108945773
3.032973173626991
2.540244720633652
2.5812739866634473
2.5786927429878346
2.5819957203398682
2.673612911283888
2.5268721955958484
2.965758114973625
2.570501372373065
2.5670807930797253
2.5272136785611163
2.529291256323594
2.5186149380484135
2.603904903544935
2.683266355458608
2.613271638097495
2.5941622842149124
2.545616523545388
2.529742086430749
2.522785715579932
2.522785715579932
2.5812664605443465
2.7556622333874614
2.550321830387832
2.578092454699131
2.648809931910617
2.679647700584866
2.6260985492077324
2.5259284749847737
2.596195106952976
2.5405640517148234
2.5598851727824647
2.544707509316852
3.4470441271498293
2.5618358441664633
2.567783385654038
2.5911641402706787
2.7046469942620144
2.536013893267956
2.7854925024183435
2.577282088364441
2.537582567312345
2.600215516171349
2.7655489114250043
2.6275298851531526
2.6269629808684876
2.6269629808684876
2.550129669078126
2.77539932244484
2.77539932244484
3.2113945934930186
2.850491413302148
2.5388601660898464
2.570197577407191
2.523349487274313
2.7708332934113384
2.538867490559441
3.284614129465768
3.458072019993021
2.669951038663144
2.8438999657680806
2.8438999657680806
3.065438575741772
3.598537672468879
2.7379869735090896
2.5992820435175514
2.622942553814476
2.5845403184757303
2.595601496264787
2.633923210319732
2.5929804340882114
2.5747504404272
2.647420254169207
2.624209541947237
2.5758250626595762
2.659252563892187
2.593962833899684
2.599038651869911
2.6921244191438554
2.598982959296693
2.597040643104744
2.6620704618826894
2.5857548044815437
2.5937870003920507
2.625042162346503
2.5931250798094343
2.601586411235453
2.631307262977197
2.616393551981799
2.64496897900766
2.6311988198401783
2.6107733466752294
2.6470571849046483
2.588917101374566
2.646687659401393
2.5949933138260017
2.615986374865493
2.6323942401250267
2.5732894931533083
2.735255878068336
2.567574592812657
2.5666333689151597
2.6432015371516346
2.602149362001072
2.5921752835451124
2.619159054614136
2.5937544255506264
2.551634175590085
2.624695908903004
2.569182327559171
2.5682174080872944
2.5773859379426103
2.6230559202177566
2.623413662633183
2.576422253278672
2.6307459374903965
2.5901118437994857
2.603046229734655
2.5992281034321514
2.569662826392238
2.586067478248271
2.6616610826128477
2.6626947102444487
2.600862340661674
2.5940102450692315
2.6354431041087922
2.558456417621939
2.578491835951869
2.5663042210077487
2.613070827623993
2.559327002544001
2.6792524799012662
2.6426391723018194
2.6789464893597557
2.6504322641348965
2.642857040798291
2.712721144096015
2.599325488248758
2.578166146838106
2.702998346858738
2.5883288185688564
2.664957117403529
2.6184201121454485
2.6023299293764235
2.5980521442019104
2.6317820903411215
2.620698571832128
2.6115934436650323
2.6680440738237774
2.592320505618312
2.61017177115266
2.582890348027199
2.5945382400234798
3.04423390712471
2.72420360354198
3.1456636126738737
2.6243801362630017
3.295930418681042
2.753034352441559
2.589866667675353
2.593269968406619
2.5475242840736367
2.6332758778888374
2.5953743543279018
2.5999790831121223
2.5969486422039503
2.5995523820208954
2.5939500919095715
2.629336362652666
2.6030971339000604
2.6257013261687443
2.661067020219166
2.607579509436145
2.760404317056138
2.561240548946312
2.658274222699835
2.5603128901319385
2.536777355622154
2.635551700062576
2.6863475872131053
2.6621228260489227
3.1494786967779542
2.626936449101385
2.6000342302471537
2.6490596705731733
2.547479012165799
2.6906560435174485
3.3776271943848313
3.1194745533934563
3.3730866951855676
4.418600964099704
2.592547148330974
3.5364641522580236
2.6518015837885702
2.5947429081395814
2.55296739763878
2.694769199375253
3.0512444118645217
3.2249010362342974
4.241647134961716
2.581843650227097
2.531833814264507
2.5724422788100423
2.5495176787409473
2.7364455494358904
2.579236946493415
3.1378258807537702
2.9380004691632493
2.6066425160654374
2.5929981645016
2.6018182727072046
2.6989567655833153
2.5993153382560212
2.603580371304832
2.6515537799638826
2.580902222188637
2.6542777152929675
2.6535147287465146
2.6081685892324877
2.5886983474552343
2.617296955730006
2.584542604793631
2.6277855384435114
2.608480920655668
2.634499967724191
2.6017962382415067
2.5880348434186895
2.6014332580739246
2.6132497381275197
2.6105669749828193
2.686493967940015
2.5990630253966165
2.6326782318476294
2.590958549601468
2.6751349208621478
2.651915208330516
3.6493189137636306
2.8853657533067656
2.857824112676136
2.857824112676136
2.736773145465152
2.751352118550547
4.363138683196048
2.5718311390090487
2.589237610007875
2.707000263713489
2.7267210195206113
2.6050448394098953
2.619144493539653
2.5557038532290264
2.592342420495258
2.6295502422457546
2.5920324932043957
2.620422101802767
2.6182905292247947
2.619215651728341
2.5807707944057565
2.5998312304547033
2.5891044464059974
2.685816816768534
2.6711521213883027
2.5883357873226434
2.5854825393241274
2.5913861076112585
2.619187751575331
2.585840509579291
2.611548809466323
2.5986741683012853
2.5380031438367787
2.607024666107582
2.6117240562389035
2.589015349978197
2.5846132372785786
2.576567670655979
2.5787315481802704
2.5925058448813925
2.6207466723477655
2.6064348512800786
2.6171019752521665
2.6713355901555804
2.630968768250189
2.5646650240226743
2.570311133702929
2.8786404352518957
2.6274819477088704
2.6268226576801155
2.5709947999721594
2.5751620286417127
2.6087268853704044
2.6242782269964544
2.578675204213856
2.5831595656768185
2.629367331641175
2.6533515942153896
2.680499137862114
2.582608173559105
2.577484953060707
3.368502546362099
2.73848484761535
2.5838918403639175
2.631970165617903
2.6202504433485556
2.6340386257141253
2.6118469322980205
2.590428175394422
2.574582169383508
2.6411114740631425
2.6025797422018475
2.5898995988587634
2.6132452928816337
2.609831957535836
2.6083419904354326
2.6042919327900447
2.6230540574161263
2.5941767202610135
2.5946005108117447
2.6277874781339023
2.5997663008911096
2.602691144793704
2.6018616577854345
2.5974041911481027
2.5924272410709395
2.6341480653177887
2.6023402223547234
2.5884607620375375
2.617372174286367
2.6995592938262165
2.604121722925234
2.586845518499021
5.406595880789935
4.5355353911063085
2.5797415386050626
2.603944305714494
2.6221576333324292
2.6191223764955227
2.5162512600624476
2.5162512600624476
2.5733225278124015
2.5457539974670733
3.4407981299435915
2.584328576637329
2.6378664583681877
2.55843480591532
2.6204142287870877
2.629121057554077
2.737665475894349
2.612396821121683
2.59747945513494
2.59747945513494
2.5467411761923846
2.6897382210190575
2.585646199743401
2.585646199743401
2.5589701113346752
2.5589701113346752
4.154044608917056
3.585719174149468
2.594769626252396
2.785773020381631
2.753460762544473
2.7217538978213405
2.7674091447212446
2.7674091447212446
2.567736380139395
2.7640712540410473
3.1760541494222068
2.7401544688614363
2.59068175287821
2.5812402172543574
2.5915204742155136
2.6292948874047144
2.589427318656779
2.579530950059941
2.5935742669692385
2.5838274781157127
2.596346712313972
2.6043016917964614
2.5917734894294306
2.5974779371624837
2.5687370673860204
2.683904393942136
2.736830074583966
2.6677044102793426
2.5973599779311782
2.6008577143986193
2.6093472284091854
2.654624745641489
2.5837294510085944
2.604430270986402
2.597948227245619
2.587261771493277
2.5919686193161646
2.633337912937171
2.8563462275505556
2.598152210861807
2.5833862042548366
2.6207944855398617
2.5870524007013853
2.603252942859013
2.8743717709766172
2.607631128235908
2.690482714460658
2.633591779155661
2.5934158338149396
2.9112795924950503
2.9063075492350494
3.8692183270048424
2.602461860843677
2.63546963923792
2.7201528231004732
2.578664597729771
2.629894584868309
2.712682706025487
2.571649107160865
2.5766787298527176
2.666907287653019
2.6868384582133626
2.58599967396723
2.625826382600186
2.6097674488457723
2.5979270420559013
2.5856617550696113
2.5986531026836883
2.6058738172769864
2.597034477746854
2.837894862757383
2.665753212560352
2.665753212560352
2.5911011736291525
2.5689296219338758
2.5625316125949835
2.895252283842581
2.6360525837478224
2.688049264119443
2.638582066243574
2.5959940454125787
2.5811279834316814
2.578790914183737
2.5944117367188446
2.5960323221406236
2.5788531729099935
2.5631140090693076
2.593473068107928
2.618220460261658
2.594024705808401
2.667100079075564
2.5767505010642817
2.588221015542442
2.563284987698708
2.578689966022236
2.57133966317224
3.798053290805456
2.5895087538037918
2.67934832396819
2.564380577287272
2.564014398420342
2.7737490317153504
2.5799526052552055
2.6033391065892326
2.6162466507272764
2.599729309359414
2.6211752746191395
2.6311456122803962
2.538879448357884
2.5578208269818368
2.5696801217342857
2.5772452245786743
2.5898901985949956
2.583270633319149
2.565555881275405
2.565983142182507
2.940983594888552
2.5878508003838547
2.6167738211223135
2.603029733783945
2.5934574584725776
2.610474017443652
2.606271612121388
2.5849586259433424
2.6136605935476114
2.5858886672468593
2.6020134660645744
2.6101483735955417
2.6271295623377244
2.6713319465977547
2.6778007556298995
2.585012671816595
2.5816061320786168
2.5941782618308293
2.6019781327718223
2.616997800833391
2.591655006597093
2.596395244781711
2.66439297275745
2.590493785135052
2.6750594848401716
2.643308616178027
2.655063075546347
2.5810752843398643
2.5783925258602176
2.596396848982584
2.600196508804399
2.620132663361435
2.566791201794109
2.5759319869733934
2.593805970180679
2.6074484958458304
2.5820458114079408
2.6100456166272967
2.7497938001837587
2.599127158046869
2.6083372368509345
2.6164148587004687
2.5791730260716412
2.5704488567120123
2.609321198804956
2.563426295683821
2.5625325856045738
2.5615160333988483
2.586460360403266
2.571168774934093
2.6340581980713713
2.6708122030460713
2.6736207408596844
2.6235871329639666
2.5821256953002614
2.6097871896413007
2.676858456010682
2.618073082034297
2.591708680185998
2.5830232694136575
2.6110748782932216
2.57886794999592
2.572077316489595
2.575758042548781
2.583074558432924
2.5915116313209996
2.594886959022376
2.599015652439033
2.6229904684442626
2.652413230512719
2.657653306528094
2.5725623346412654
2.570091539135009
2.5765521235448303
2.564267556353492
2.615887691088425
2.6174585054500383
2.5929965040887066
2.6184658368644103
2.6042636159960026
2.8427646626088756
3.227774701183095
2.64708295595912
2.848678358138721
2.5945141999485997
2.678961491631679
2.6359058134931397
2.5781338987673075
2.695456923587319
3.334309891775429
4.590141164080555
3.144861494882046
3.57741658415964
3.007841879210381
2.5880770706769494
2.5210205607664884
2.5148542534400358
2.532600635015428
2.588914117978268
2.5302840704092926
4.139333151305021
2.6971033432989255
2.5975472829479207
2.602909243958255
2.6334908028842285
2.6559447879833313
2.5801201132144707
2.5743791080428604
2.6409463030411153
2.6080956301845624
2.5848683770678034
2.617276354387103
2.5855116843738606
2.567809247120118
2.609564656227108
2.595017897102717
2.6037625671984594
2.6278743733568946
2.683748006861324
2.652013178711922
2.573663476857247
2.6119251574128555
2.5983723837191874
2.5923096344194088
2.590876933910696
2.679446625816521
2.589696140476403
2.5873257625838866
2.6406437997120307
2.5926069227755306
2.591765252854018
2.6265266190516607
2.533613792366787
2.533817089641218
2.5792922950210078
2.7605699633271175
3.0104429671570063
2.8653056158971957
2.7074869466140687
2.7066813346450527
2.5712989942618383
2.678127496999148
2.597425035474841
2.692811072437707
2.6352668762902427
2.7211337029520655
2.644462824262172
2.7805747278187702
2.753487919428782
2.6213574516068796
4.764991958131743
3.1545355240937636
3.234526590572009
2.574129985111566
2.6034708470083685
2.514742463240478
2.6100764568071813
3.3384741256676302
2.5750926144455017
2.619322311802084
2.6218216182738505
2.5810864935031965
2.57460476980762
2.5747234258903733
2.690228204213759
2.5972827387083157
2.610457647900191
2.620109509890316
2.5986402605886254
2.61450150811017
2.6920717507934313
2.589881285413279
2.6730534612486947
2.5731369115720533
2.6312535039105605
2.6589546030608697
2.6365225463779183
2.6281473202951733
2.5814149334780234
2.6023175608368896
2.610890967730553
2.6141998276338176
2.595043864612302
2.5767755945546984
2.5766087218746576
2.563722722676001
2.6856635144614494
2.603750879135764
2.5795613619092363
3.3905496696001904
2.67823145882317
2.5804785943076514
2.5899198409729336
2.5744200123836882
2.58583685252536
2.6439131841146484
2.590984910116194
2.6054478714329163
2.5789746276535226
2.581204410556592
2.6210609643760563
2.5858786533325606
2.6150047122889424
2.6085652004830218
2.6070804299687937
2.591584134645813
2.620748621177352
2.6021762223687874
2.6103297769289764
2.609102284965727
2.6113283933156763
2.5981121485839886
2.6143112108778555
2.609145840601432
2.5683256293583514
2.69481763830004
2.5990997193493857
2.625523022988918
2.5941087706772166
2.6429404696575727
2.6563311924094295
2.6304661138647347
2.625457884771594
2.5927512587961585
2.599113208080007
2.637961722644274
2.7108447638386077
2.5894530286233546
2.570540847055013
2.620743970730339
2.5901253978725585
2.7390272839561796
2.919930345652768
2.6404835267444344
2.5870254370144776
2.615777455215719
2.605842952803406
2.572064958568502
2.565634951034224
2.567141158751778
2.564188346419771
2.864213046935588
2.63057704874878
2.5805171718984035
2.6441658987642223
2.572129770798106
2.6073772814427683
2.5655841883194332
2.6032004677453076
2.6157640869961725
2.6043163905424946
2.6035861642239504
2.590508549935616
2.5901977454393874
2.6017466174544417
2.593669438624983
2.6032189473633682
2.6039409418302863
2.64196563863041
2.5968393274351027
2.6110253223575444
2.6229020699189594
2.5860021745042316
2.5955301572537413
2.5879522941774287
2.6666288113979086
2.582484478969821
2.5907407966819322
2.5938772068038447
2.598094607864472
2.6106817347634226
2.6401588455989042
2.6182373824018303
2.6310657931174077
2.5903493431674516
2.6969226117504776
2.588376438560844
2.6698139871638134
2.6493708661409
2.6458128331284607
2.5897522589480078
2.6123381479725003
2.5906920563240066
2.591414398314016
2.581214917705587
2.730369076117888
3.926333143525939
2.834583683229644
3.3132751224261647
3.146816904166934
2.852961821253711
2.8226349732453357
2.9467175311215392
2.6945256886467845
3.6077976145074704
2.633614830556051
2.5883434986521454
2.576311541864953
2.573973808244625
2.6395207315558915
2.657591242939116
2.677386177566031
2.586711224997171
2.6063380563953755
2.621651973057233
2.5733184785876113
2.6523232578847096
2.5752688171251292
2.5672069642504183
2.5533334773168477
2.5658722482697867
2.5612594071539307
2.566898617794358
2.5575618099196604
3.1704162460816923
2.59954100585526
2.5867010711225857
2.602916003862994
2.619279889516909
2.6211897294427944
2.618293350659452
2.569222392753651
2.5956667988973483
2.619233709029655
2.5753937155108155
2.568627321866095
2.594032059432025
2.5965156783003454
2.5647219720707404
2.641158055251784
2.626086639274776
2.577591967363076
2.630453740545515
2.583940659946799
2.630390544089569
2.596628837771232
2.5850586814516907
2.6029845529618005
2.583677458167676
2.6268200625810394
2.651140727805336
2.5800023326493333
2.6315471290980734
2.6046625825382916
2.641971667510669
2.570129009007167
2.7046660546835044
2.588408333641277
2.7258167958690147
2.6180973712967237
2.6689070312492555
2.5880897962150846
2.604180110831707
2.6616631559926436
2.618046350754974
2.613332609160506
2.602051726380048
2.6200471886164154
2.620791855348109
2.6770265376678197
2.6023438603351012
2.6095816139153682
2.5830594279455337
2.6037923895528188
2.6336246104013847
2.591962267089862
2.5976439442112476
2.649483792853287
2.5981266453181515
2.5954350129926764
2.6348683873406245
2.6098802003967765
2.5997730602942486
2.6263831192600016
2.592968413018809
2.564611069754223
2.6079419827139647
2.58499829934357
2.598852996045366
2.562049958901945
2.562663457720103
2.562793255150365
2.580517336760665
2.599436824116934
2.597683958983708
2.692343171884413
2.6307970023910014
2.667051811967649
2.617962010657017
2.605205586178956
2.5908734182835453
2.599667673387678
2.6061001378415027
2.5986037537517896
2.571994177344645
2.678396192451051
2.6119514936781263
2.609759151757244
2.5817721653718984
2.5916957217123433
2.589699755788458
2.6355429512136115
2.629934450592704
2.600082788527359
2.59592087490386
2.6400956903555115
2.610914996450549
2.6188329974568223
2.6164442980755123
2.6293140851053654
2.6169265562784334
2.6204916638275173
2.5606074910554097
2.635769814347639
2.579328512384535
2.8788234593159046
2.688256000828728
2.669304869426575
2.559281396289225
2.582674953747599
2.5787926093468014
2.6311467731173446
2.6018931340268896
2.594468312516239
2.593344464681003
2.6109632969402155
3.0991581202848435
2.680469926016026
2.581524555150126
2.554016363439497
2.951641995261433
3.0783591684106266
2.9037475119194984
2.7371162849582067
3.0693411975593614
2.6011446149036352
2.7120873213681636
2.604604827869811
2.5774793057504914
2.9872011798440368
4.151921679706963
2.7467558359846596
3.3305176851225493
3.0586808950856446
2.7787567168947183
2.664174706104069
2.8360141018063727
2.5335063708496954
2.7354138644828585
2.56590065801665
2.5812628618651545
2.5738700224036335
2.5070028735752663
2.5371826435486637
2.6025559684943347
3.294743009504769
2.5400766433293778
2.979313291717201
2.5584879317999376
2.7276614797540835
2.665221890312922
2.6106344482766386
2.5476290510577546
2.5487117902062573
2.52837009404696
2.6949181430975546
2.5854799778234296
2.5646345021780865
2.5395870361478843
2.5924491838530397
2.625635061441641
2.5886021714558884
2.58139948599198
2.58848414737452
2.5927459592015074
2.643480652540261
2.5885944260765035
2.6140539313373155
2.628277212929443
2.6225717436394227
2.6430070330298636
2.643902090601964
2.5805612509350606
2.7003634857170757
2.743182587934306
2.577135080144333
2.579682193390627
2.7463025758758537
2.630722537341352
2.6472565172358
2.696372966634793
2.6061558558904245
2.5965614241501993
2.6492720311418974
2.61223824366811
2.61896432164228
2.632508402932847
2.6224748186481333
2.6313044068288387
2.7757313222334776
2.6480588423254083
3.226945030193562
2.919612341420253
2.7982809286327566
2.5252943623333985
2.574748781868405
2.5596275437132334
2.69722897495474
2.5823016970158847
2.607012948088038
2.9774847541263556
4.687498449470329
2.632048018431801
2.9503104804895983
2.6823955426245174
2.5567356272494606
2.5756630869974635
2.6344876448774484
2.649952606848632
2.563456594786829
2.627322503258157
2.56181779167097
2.6201511777402056
2.616524892116698
2.554611677713096
2.675390877274954
2.666146391075503
2.5709562809388586
2.590867464951865
2.5231256451106914
2.675360796294067
2.779159752616853
2.6378045331467295
2.598848398953045
2.592348999026439
2.6226301460723693
2.6116120295957117
2.6060145508632147
2.6065610934322634
2.598245381646719
2.639205032798441
2.625615624656437
2.6025786335547694
2.639775934141064
4.34287108964074
3.844204605399256
3.319041591476143
2.6116911077375375
2.6109007066400975
2.6044885698068976
2.605967385836708
2.62337865350645
2.6024989012393758
2.577029873284256
2.616783758070296
2.896501359291
2.5668459279129765
2.6067505773209145
2.6275454647070617
3.0941709491924065
2.6267917781962256
2.5317645037101255
2.640418658032343
2.5500481512111626
2.5993007750020056
2.587950582213446
4.070093475932657
2.593398549685315
2.927003777482152
2.8945487937298253
2.7845514543667087
2.596909792160035
4.3904626133003335
2.672738039474719
2.817793765485356
3.1189912331283174
2.6169557866624023
2.629332649249858
2.574296054022736
2.8167951074539253
2.579600017690487
2.7227636891323455
2.6105393794906178
2.692265500143746
2.525733911439152
2.5341040565829624
2.5341040565829624
2.531648887229332
2.821880394585223
2.840363453194095
3.0356792743089085
2.5336716697664006
2.6008063529651486
2.6317721624030894
2.7502735876819386
2.7763654644650835
2.538550580877672
5.093114482202591
3.976194718903154
2.5479043437870827
2.525189896028669
2.564743430626076
2.522766452251368
2.7130842455689215
2.8460649105786646
2.5488410897761398
2.672201296195566
3.038467709544842
4.4485720894882
2.8853754127651454
2.7653941766494747
2.6906628498554523
2.5236202047737994
2.841434224819819
2.5185883332191565
2.6009371948971247
2.6574709154414227
2.571966861046969
2.9693803237155243
3.753699688105561
2.5291001956868895
2.617878353103463
2.8625486727583973
2.5856768405521446
2.5851762939034733
2.5932607263629723
2.562108126085416
2.5578322600707333
2.5589685939610995
2.9532889713055526
2.631513597963569
2.862938033752092
2.7208564243745483
2.575589533087086
2.5733582551695524
2.5829270554451105
2.614622042002577
2.5930512092931948
2.996130865133766
2.6435863839798674
2.6956240779416083
2.7186560904463386
3.1201731628369886
3.379662949125984
2.870206261044811
3.18475883570077
2.887175316773802
2.66876056321515
3.5186073514240026
2.5231901328291735
2.6475881587402617
2.615431074363185
2.660946525232798
2.703258718314497
2.7369975285876906
2.7435778598953346
2.962574910328667
2.7602725643084494
2.7702946837131925
2.5785730868795045
3.003852104769189
2.5512921821146066
5.518641917842686
5.7862252877740685
6.259345951880409
4.74240186406197
2.7219197091446623
2.6655594454520894
2.5686219519334514
2.5897465038407863
2.675647455237606
2.5645313019014897
2.6201750132995647
2.5940685642997905
2.5975641949341712
2.60451902661643
2.5971468129307262
2.6207307790941456
2.623956516789368
2.6293825160340605
2.586490057243651
2.696095410725671
3.3355372994060573
2.5457855625514485
2.6463792367664625
2.5207116395045603
2.527900538113126
2.542698956368789
2.5182833311625705
2.5163324377985665
2.5840052187874756
2.5076731419380813
2.5315567927584732
2.594929305300542
3.6197787317974806
2.7657206262274134
2.727212197619048
2.67474057912678
2.765002372843646
2.7427393889666387
2.5171161229557883
2.5522095744165045
2.689577963564368
2.5400407619719236
2.9838188261586227
2.565626993312897
2.617513758232109
3.414684945956919
2.6643110316663896
2.600579554601766
2.602037090713547
2.5776200074473334
2.583495059491846
2.6150451508754093
2.5918713682371504
2.5749246219441475
3.1012557526017552
2.5695557006667906
2.6503169261928843
3.3092571100993124
2.658369224513413
2.5998370491894507
2.679913801772826
2.656521178551902
2.7415927159920357
2.601561905948125
2.594870895883765
2.631518164297548
2.6615469732431745
2.5952401730069767
2.8127134844567294
2.5421084300539727
2.525798188638561
2.519765836283117
2.6407127565279995
2.524178989382607
2.838836613648355
2.739012647052368
3.3941634910301657
2.7467147909277387
2.8969277678286205
2.6177256440761973
2.8514077525090227
2.845067770637497
3.374393531214548
2.555397207158326
2.6560088676573668
2.656208340746773
2.576887235895159
2.5393338055295347
2.5401668907603225
2.5256562023769944
2.6178035257707246
2.5234459203517403
2.551944105130023
2.517745126232674
2.8949991932139683
2.5648354529640245
2.583170551983386
2.548559566450859
3.393041028814282
2.6407717862594593
3.3832944106931664
3.3959739087336844
2.590990625592763
2.610439755812661
3.79656792776502
2.960288847851985
3.0328194521532996
2.683155927073745
2.8044843963533435
3.3635526348009823
2.9065850833484173
3.0738188536164612
3.7440214727590813
3.2679143732778893
2.980387271752317
2.946318191961976
3.311798496147273
2.582607599074218
2.531377234336309
2.530566541323117
2.5793765043058277
2.875291733291778
3.1370145389766098
2.784003525604819
2.70107119801434
2.880080501886065
2.529526996387294
2.73083583527828
2.597357720374003
2.5864565472805463
2.5806533825797766
2.6005741539443727
2.552707119232264
2.570484291760291
2.609262832672673
2.663506846186961
2.682635110992773
2.674870296374372
2.633469950278748
2.597688531614232
2.572878516218674
2.604859108076854
2.621493543306167
3.003222749109713
2.6197124022827754
2.5812707684974274
2.6180370572695955
2.815050031663687
2.651443040229888
2.6279288822358544
2.6409818773641476
2.588481743343693
2.596456194653007
2.606403742036819
2.6119696481672805
2.6386110120303456
2.6017675295092046
2.6646743711895735
2.614399548774726
2.9911112714351864
2.6690294559574177
3.367448360039852
3.211441457408191
4.1983247434839654
2.8039553963898154
2.598143656794419
2.601001122806093
2.7006655883937096
2.661569171566724
2.5806069868581596
2.921397184073996
2.673512336730276
2.58121250783591
2.575898298487136
2.603697422139271
2.601657327946959
2.6362889532399683
2.6199171482335943
2.6619449418183456
2.6248512210283756
2.6146000611541607
2.59072191646603
2.6451898541614307
2.592403381311232
2.630138202888752
2.595426099746716
2.597575863840195
2.618561732390383
2.597009377176439
2.626775129816002
2.6376978594040006
2.849039516056353
5.366801367328552
2.9319722529745285
3.535072504621783
2.8371911058654984
3.711481317499466
3.042599963381578
2.656011182856125
2.584106986516573
2.5956551388695877
2.6315627853204537
2.5821542424030497
2.6393881526156573
2.583336861543965
2.622371791744238
2.6103340185420323
2.6203734662479707
2.5757760221460697
2.671596431943104
2.606025868137876
2.622778487573192
2.588847906149108
2.626274516287363
2.587473054032269
2.5821805011491836
2.574394978605103
2.598494531936204
2.5866981215087046
2.575135934896678
2.6045973538544014
2.6013121249931643
2.6324062662700527
2.6181684422852793
2.6218762880503075
2.6381904653048
2.7362600882330352
2.5958329114798513
2.6765121598097377
2.806740382491811
2.647725226968912
2.644851340132197
2.628870519339504
2.636868010803296
2.554224832984482
2.622250162846722
2.5894733467739233
2.608884798707283
2.608827973362054
2.627754791181853
2.6067679069193535
2.652698280591035
2.590833641462595
2.666235588292009
2.582953797335752
2.598170691536117
2.61632625852207
2.591152523111261
2.6027321110316857
2.568774590051729
2.5742271955783593
2.5856915316953546
2.776594248178416
2.571730311221209
2.5555331784425555
2.577259092507279
2.5398013784350226
2.569572977131015
2.5643596221385856
2.584526976122737
2.545554862933253
2.5265532776978525
2.5858849345982975
2.56199467909049
2.566831410645398
2.560196152046132
3.710036130514926
3.100261946440352
2.7101764394239005
2.5249043101518254
2.6032985477052883
3.1982691434522006
3.3608207174331994
4.138926943275488
3.079673129328901
2.56973214867684
2.6018472978452243
2.6892499773344687
2.778265226947318
2.8364894317670526
2.8227429322383886
2.8889296700939537
4.069922322234788
3.9516954400262883
2.54325721664201
2.5391275192954175
2.5424812794956266
2.5347286278714996
2.5764939572744034
2.6000870390132715
2.565701876298238
2.5783279492820235
2.5880452962188096
2.6067381042119155
2.573938820786168
2.5755057967681583
2.7270550861836806
2.7440350907438633
2.591549265402917
2.6105110813624766
2.6095285267929693
2.5948972613880485
2.606291673786123
2.5626187295156377
2.566149517456248
4.721099239976028
2.699708337934005
2.646739448829957
2.563073073586856
2.569722531418437
2.570961500955499
2.5798232965154018
2.558269563926916
2.5670894933199087
2.565969352208395
2.5733649509514582
2.817307885555296
2.6133963917886747
2.9393455528606314
2.5709960382870896
2.5552719968159536
2.5548404525574733
2.5329645331167376
2.60892520398181
2.594716392915886
2.583004789888183
2.68126608601191
2.8308508140677784
2.580081238571653
2.5961934929550394
2.581237852566872
2.585407368574317
2.5887062817399293
2.6140909474026564
2.6358644818188846
2.6367272259079764
2.696625498415651
2.5872990420601933
2.5904726112007843
2.617516696521452
2.562689450965208
2.567292239360496
2.56158829450869
2.5361677507297387
2.5323032273112136
2.586202311039841
2.9331730291551077
2.7141171497460626
2.5519927075530773
2.517170804874934
2.662111457893485
2.8729221918376076
2.8055182273501185
3.152250550757343
2.5960125217696377
2.631893834470754
2.6079676387669073
2.6200341000710115
2.5889969630084337
2.6189798161331357
2.61324023113061
2.589838882628487
2.5879730186649117
2.6041105974509104
2.6040964812121055
2.608424137205514
2.679819564325134
2.5901152433006325
2.5800444946302115
2.5723839494574445
2.5812098315894936
2.618824750690091
2.582757602406285
2.580950043084055
2.6085580138506623
2.5907979439215882
2.592395780836301
2.5934231132725127
2.6071470819258566
2.574567317643034
2.578113182588904
2.580233486561436
2.5586600137060302
2.595122339433403
2.6314829183795925
2.576884055611949
2.612039411717027
2.6137493436871075
2.6002037310125936
2.6176719871984027
2.7970265060189483
3.068590670930936
2.932781453333324
2.921182917210044
2.680492908969828
3.1672569290954646
2.6843218158683118
2.601079863237088
2.5623643077378846
2.579864047624357
2.6264778208859036
2.635421406691973
2.6293160427161295
2.581952803500987
2.6774481392587854
2.593449615640504
2.606046395232435
2.644837454745577
2.6060874603870197
2.6438037534730596
2.599180053160476
2.737925830434503
2.6178926411714105
2.627033302694036
2.5909978230350967
2.573188747968715
2.658624982909881
2.6460350977866733
2.6245703233973394
2.622153580725392
2.5955333262773737
2.591691589552748
2.6016653648543344
2.671362596705424
2.606964569431413
2.628973654420844
2.5943839385645164
2.608970890809518
2.602482484258429
2.59293440330901
2.5977071564879877
2.5589746652286127
2.6111512977049753
2.61423378931262
3.0446879521453623
2.630620889772352
2.6034690104705747
2.616773107519588
2.586181945957612
2.66550575163331
2.591453333361832
2.682355460156591
2.6318510323195534
3.784763573752268
2.690325052363196
2.6065164894466823
2.6065714766629138
2.638512791852821
2.612020215136388
2.61326819332557
2.604005555398568
2.5995806392929754
2.59984584960226
2.5698695363260544
2.693704532881939
2.5707781076457277
2.6088206670413845
2.6185197321465927
2.655894578796456
2.7021247606075933
2.5971424112082713
2.5946696785232106
2.5727194146655297
2.6525591535040864
2.5831779248556166
2.613732578269113
2.588904287745252
2.6097850231641027
2.5935116029778804
2.5541153204396294
2.6607939379009586
2.576396914079848
2.5819492247365328
2.5919697443675895
2.6349715715226094
2.6338551598551945
2.612630132527813
2.5304683844394145
2.781801522761362
2.5723372251692784
2.62990417546266
2.573517985683296
2.6922451619331254
2.5898234084452003
2.6189123403393895
2.6182940635367893
2.6136092051130717
2.6072426019932946
2.6453975467698596
2.6324765474156355
2.6031158105097494
2.598226885856875
2.556878406950008
2.602141796563584
2.5776797717648563
3.2122751868774944
2.549636503251758
2.7752326961869445
2.7777633249907865
3.5534388992685852
4.350924896387009
2.6012346021555057
2.5904630696063498
2.5755128265679534
2.591347827725592
2.5847279029390178
2.5907700206333137
2.587289667133571
2.5752585802410843
2.5769537730596173
2.635416916153742
2.574798221401766
2.5955247830252417
2.583348224834043
2.5893320937222004
2.6026329108750157
2.577585254379266
2.601718291168669
2.5958001225589307
2.593054605781285
2.597756250689754
2.6000922560238777
2.6060546405523146
2.5942796601282714
2.607297356215769
2.6212197822005345
2.6352195023528004
2.5924655223663855
2.598507145377221
2.619468947397962
2.6011754497746127
2.6098951394586205
2.6035192086673096
2.6083155747392945
2.5989812669353762
2.982735254555238
2.798431423139025
2.6113104677974253
3.0286225380310414
2.5349385075324107
2.7048283530017265
2.6782461156273842
2.7169310590081306
2.5776870972445236
2.5815816065401473
2.555519590711657
2.599660201623198
2.573675789042653
2.60192099750257
2.5846583081990904
2.5630607529298572
2.606771538641085
2.5935728376169385
2.587371026052792
2.6355971517655528
3.156301443327227
2.568955543159719
2.5996532144481828
2.6613907188362447
2.562726000536171
2.5470010799213734
2.557743047929884
2.5804340290532677
2.9458228611126875
2.584414865798255
2.5846742175037916
2.7309542836836576
3.23425196335141
2.5634554128423988
2.615752469201872
2.5251441605485745
2.517990211142708
2.519156132414553
2.6151420758256867
2.862140350514527
2.5922176326590893
2.602379375210168
2.531752958615454
2.838327630558078
2.849120966312091
2.715056642874419
2.541912945654432
2.6819285105138855
2.8581128915599523
2.580337843259231
2.5408809147848626
2.762355663847317
3.6035534607390893
2.5429603692628158
2.586750207376287
2.5648374571328043
2.908740561085091
2.523228897085892
2.6357119125783206
2.526185615660948
2.587125363798128
2.528500728177026
2.522418355674888
2.5310539386489777
2.8580466074621644
2.6136082339105067
3.5801414794100364
2.569964392652897
2.6472895534448746
2.5919317808073696
2.9855173811613294
2.7553770719819033
3.107199131633421
2.5189471627411124
2.74145432557854
4.440280107708549
2.6886040425958235
4.173272909495284
2.5881987631337955
2.60082824750363
2.62113984348644
2.6121382091821417
2.613758253085074
2.580908682438491
2.6525685091837157
2.595366790369939
2.6042255606274574
2.6356866467432396
2.5951595518556534
2.6709296205063757
2.6004054325770602
2.586395625694777
2.6541943369162655
2.6218343199159766
2.6359882415641365
2.704638325204859
2.613598201391369
2.603429981300434
2.5742831779695106
2.8549208066408553
2.749273862224735
2.657199407670016
2.879535925608921
2.568338849933906
2.62450719158316
2.572293688747688
2.651830151478918
2.610252920036002
2.693653601995859
2.596405604802449
2.671809570710295
2.626321207928053
2.7285231820315943
2.639696360923949
2.5884907933196843
2.6216087021806906
2.5976426769633534
2.5864300497620585
2.662472298232764
2.6191084233629405
2.570146510647689
2.578737139592887
2.6362356928633
2.914401101647061
2.8612615438561937
2.5970611189908133
2.5879303283555597
2.60781616580803
2.5823455987974437
2.5829276376489627
2.592353574519321
2.6335718188813395
2.9579234266149155
2.628787287271482
2.6488000375177054
3.012931576209474
2.6677704749911157
2.527632554817803
2.559965455632218
2.5733264697592086
2.7162581014718192
2.617137963646583
2.546576375364436
2.7066964070728905
2.5831916582742553
2.5875246725117584
2.5532668379485863
3.0018478276739566
2.593728170015762
3.395989397708709
2.7247904339394493
2.757803815830879
2.5743344371044206
2.5637810652648225
2.7003340428407756
2.730368311827715
2.7073748431272815
2.6501418464381583
2.5782454826452943
2.6738930949237045
2.761158996445934
2.7696918285746266
2.641373428122596
2.6148555590851243
2.6151454026002288
2.5831288062017896
2.585607686081411
2.5745723947275865
2.5950459465700586
2.624861527630546
2.6191151102515073
2.653798089171558
3.298469114086987
2.693784372137914
3.6178596873455215
3.9264958767108826
2.53846976837168
3.2183728323557217
3.5537880597592295
3.5287701940095895
2.5843194869385897
2.785629977193856
2.5820070796565044
2.5741181095642505
2.530307657717638
2.5963225875520664
2.5735973810586152
2.7030752222027656
2.5221027338074316
3.515865290202786
2.5581551154254836
2.6879589309655416
2.5973083642408588
2.584137157420999
2.5445869753557107
2.574896257170983
2.5431959814685
2.672455051543902
2.598926825734144
2.6313032814296404
2.6981838710432675
2.614354333177649
2.610860934545183
3.1165260881296577
2.672556487144835
2.7210280292561846
2.515753884448796
3.2345844989933816
2.541051903207122
2.5559921070459724
2.6222871490660937
2.6375329443010336
3.1700616197837275
2.6370442670076706
2.880830372332123
2.569621211231567
2.676771075081503
2.566567599307821
2.561995243139
2.572700125688471
2.5694431145860475
2.5392262607386575
3.502422635822121
2.7847999759749156
3.2931267826110133
3.0111508356587926
2.5893091503959136
2.60069670535198
2.776831059408429
2.5560520974633296
2.5769598260719757
2.6019338692917477
2.5915202889461106
2.5288555041772582
2.599966254254383
2.6336884809719914
2.561303236101865
2.5736916963446053
2.5661529039329194
2.5674313801538875
2.5763588484582294
2.7363822533622906
2.593587142942404
3.3566634079517046
2.741769433704533
2.7270865862968647
2.7746304376475455
2.6285621089752595
2.584025136508512
2.5743260764758293
2.593648121406188
2.556077807072737
2.5836926526373825
2.5649641956142712
2.5969293684700623
2.5701708183888483
2.5704719217313263
2.58313111771741
2.5561198626469093
2.5446854073703133
2.5581041331048726
2.564534064732132
2.608245682560487
2.6234836834946393
2.6385699757922745
2.634479386298718
2.5980340172820267
2.6003357951308956
2.5865146497999962
2.5794386328401138
2.58704520705746
2.6115718553415768
2.6637143773781755
2.602702515245775
2.5815369402617905
2.6025754321922823
2.5890810111543954
2.593626917113367
2.608235856332991
2.589834176834708
2.588622568889263
2.6200256429047113
2.5654895665448567
2.564153836346663
2.5817501061604693
2.5717740816752546
2.5695913362065115
2.6099377673615693
5.655037114418476
6.091682721930777
2.586054354847585
2.6837479825605954
2.668851384681385
2.5738070136700104
2.6007245110419066
2.6670738931606754
2.6372797447740286
4.004928086886945
2.58092728401555
2.5805522438364985
2.6710701174433362
2.5996870250902804
2.5596248935683006
2.6204587215989044
3.494212030839285
2.608572298832507
2.644784150913489
2.8594276586485434
2.5815021895499592
2.6140398026632763
2.6046773312932494
2.6484481326179345
2.5896616294391936
2.6277595644998466
2.58519457851535
2.651791500632502
2.5714166385483432
2.6012673041311976
2.6102640055469064
2.5726546600601363
2.639863300250733
2.608175324498654
2.610415539944075
2.608469935612366
2.6032113336943636
2.6163720293312362
2.630308132555886
2.60671895943707
2.599780594544796
2.572339139366369
2.606920522653684
2.6532276386573095
2.63224069770159
2.5878645112543044
2.5831932034559175
3.2873591537563835
2.6214407541602025
2.571839584983213
2.5767474522401392
2.8511486175669125
2.9455085770076197
2.566000038950146
2.603742288643731
2.5782950995979417
2.595111868695418
2.595981947656578
2.545422456331212
2.5188143369397276
2.989906491832936
2.5840371378643656
2.6136471448190726
2.560564905465351
2.540361347853529
2.598600972430916
2.847506325572104
2.6375875679704226
3.251034237675268
2.570088949867502
2.7378480884586027
2.7155516339125985
2.6527008524208457
2.570118921703674
2.5784675089123814
2.562469456392412
2.5584044800596892
2.5378939174151705
2.6019808923647956
2.5585539545438998
2.52999753245258
2.5386007050789416
2.7498043006035107
2.6226346690484643
4.463487240887774
2.6406059711749665
2.954300555177515
3.2084406027818235
2.582571644632071
2.5618743744981547
2.5610079585356997
2.629007100245769
2.7572560814514873
2.5764770091430678
2.6759159717140513
2.7062142603101953
2.565230552135385
2.791135127234147
2.68904019105928
2.8878308938215507
4.818037203370886
3.7104574570256537
2.9231900052682698
4.112666613033129
2.6929070941048887
4.471045864266171
2.6732413116013785
3.0162896850984073
2.57765819760733
2.5887406487213744
2.5753818013477057
2.5744433501388695
2.590421900973279
3.107393200527262
2.6128616315569406
2.622389257438838
2.598905731764143
2.5977556158813164
4.1059693702308575
4.453417981119175
3.6928215955605244
2.6590425517903458
2.5606500331615947
2.5465973420422228
2.5931243204074272
2.7759533182436047
4.134879219352401
2.6202121134036283
2.583410066536923
2.5684363694365997
2.5639431556911294
2.565452707688052
2.562652999421027
2.6066009741959246
2.6214585638368186
2.543020796255628
2.5183048732911195
2.5953152748589248
2.581445866266414
2.7606165544604226
2.546863962893828
2.6821812159973595
2.8387943009244494
2.541522362777283
2.624988905018585
2.643689509955224
2.563414475404441
2.7322326387542537
2.5533631939191763
2.6911699111453196
2.5156767091421957
2.5674899042205395
2.6575695407735234
2.667588060482335
2.5860196904955632
2.5463455959917978
2.5383156856322993
2.8178211161606197
2.6263096845708094
2.5619351685160976
2.6208793707850377
2.5451342369995666
3.089062196934507
3.8974623209420125
4.208099860928099
2.5951448290448584
2.5854984712316758
2.5971861687395275
2.608534999121179
2.6082450107568165
2.613553304404231
2.58432929729602
2.6234826568725422
2.632853692001278
2.6107094067058716
2.671197517306097
2.858424388171454
2.743028587840678
3.0565046025265312
2.5395156250291095
3.268687766103325
2.551460181503763
2.527988972079047
2.5458284109402696
2.600013144462321
2.6991214440284006
2.5335767708334553
2.5382437404389
2.6012059925109234
2.6229503125133857
2.6366167417692536
2.727756255360246
2.5716325186514846
2.579260300893017
2.815161020060425
2.5202685448774633
2.6167506865028414
2.588564082242124
2.5409478344972856
2.6877728229210796
2.8242863959885725
2.765772633335172
2.5650289251531824
2.5904464563195195
2.5241636302233568
2.5473746142353435
2.6100375386357397
3.4084171043835108
2.6752597386134527
2.538676562623148
2.552556907244514
2.6185046702775865
2.542617146003256
2.9716631129140056
2.608316203291618
2.7040297444311268
2.5415540714484184
3.5752245760814
2.5219420207762666
2.561636485185347
2.7533278458482577
2.6088363180946903
2.8300874042724553
3.325465466501856
4.5010950901872
2.8181157199752347
3.055385898470091
2.638208845558004
2.6224727328823043
2.603011509533442
2.6714711746059336
2.576620363536131
3.2642464321566482
2.854577405074919
2.649600684722076
2.6081285759036152
2.5886622648932134
2.5928954690911077
2.5960670832352104
2.5915411336834544
2.6209320249004344
2.597252699561727
2.6017216750242222
2.611739991609746
2.64463609759178
2.6486693214660164
3.9600653958304557
2.7140551396498243
2.82662746848735
3.0861962993857697
2.6179969847929483
2.612141919781197
2.57156065198025
2.6859700083692037
2.7562380596447413
2.6783974972233042
2.6269614319172536
2.604399819446402
2.621159452631032
2.6114601824811605
2.578833412716752
2.679071499863454
2.576348611759268
2.6027101583656163
2.6112063596330937
2.57420588402552
2.57139018817361
2.5973702344608904
2.5783615899733094
2.5790203699923424
2.589991847187979
2.622519522417919
2.6397860482005733
2.62630796409284
2.5955687809680015
2.579533873724001
2.5806191373396223
2.607219701554961
2.579112212147166
2.8887877658216174
3.3784858120656462
2.9474841471040967
2.5541788377980916
2.8500233816867926
2.5391242055633563
3.4028989795506863
2.939112962583461
2.721863140088736
3.0007265598041464
3.2298186916799683
2.718088381816876
2.774014502507807
2.668693466368271
2.6298206530933537
2.633495907131342
2.5911115436123415
2.6215193497228237
2.6306641024876054
2.5756243279314512
2.6218925988122157
2.6407458950293066
2.6122896689384882
2.654924388592691
2.626905983655487
2.5895737845628966
2.633185627007885
2.6115004094974097
2.607280511250423
2.61053895095153
2.8331410296016193
2.7562674864029324
3.3981351699897617
2.6366449863340713
2.819848408791369
2.822607125802607
3.5430249510347434
2.654338242293372
2.598760598813195
2.8990338402041593
2.7967388353224596
2.9560721055699397
2.5555245294037814
2.679524222471557
2.5966723119761794
3.852111672697622
2.5907750926008526
2.5439644429341994
2.703287721218299
2.7920685088966883
2.5347402228455733
2.5754882824746597
2.6736094887671857
3.8374986894162015
3.8299319383388672
2.580462490237196
2.660815428381268
6.113694543895913
3.7211641020519064
2.7471318045311817
2.5767251091425245
2.588301553674964
2.7896870412235533
3.2337596855015027
2.9749101699445952
2.8427858914644086
2.5815032128822084
2.6064778190272175
2.56371097541198
2.5632057190485456
2.5739616862745076
2.572341383366513
2.571748459295344
2.5688392042905193
2.569492062791409
2.6108778440638174
2.7293294531015553
2.6419645609012052
2.63597500435196
2.585763452718856
2.618188552449565
2.5705771019652195
2.602758255914499
2.601266796678944
2.5924230866419964
2.63741668257702
2.585883507176627
2.721266147986068
2.6212304912434834
2.6019814467669455
2.6131382522007245
2.6421427724002715
2.6231775469818657
2.5967619950178253
2.5969105545713145
2.5984597597369286
2.599182179420999
2.5869407752106857
2.595801395129077
2.567956141325282
2.6068181403302773
2.5926714817936585
2.5939978494250537
2.6154230762106474
2.6143670660199834
2.60044127652098
2.5841013728477673
2.6688360656260404
2.589412217737271
2.627752209168573
2.73306407596552
2.9704132659628817
2.604494185498698
2.644374975933342
2.6203541074209573
2.5843020636227143
2.617448652752004
2.6089451456492
2.598832135449891
2.5975509944940183
2.6052157593219403
2.585605746262136
2.620759862910111
2.6037211405139105
2.5813981171925966
2.603724355148566
2.5860879625725
2.5852482250315347
2.6960217028417164
2.626856192891042
2.569012399901953
2.5561974563945955
2.5741365037961663
3.571140850272282
3.6977736552473113
2.5210890080338264
2.5563807490584964
2.5405460373861675
2.705173247948566
4.159145085280894
2.5858129343754808
2.5929652567884585
2.593771660366916
2.665899767002164
2.5737211785092384
2.650399333288002
2.6319513825130962
2.7872954658237337
3.5043685797170605
3.0951039943944316
2.570356406330673
2.566918662955773
2.826481588462312
2.5641575634290827
2.5819011456941405
2.589977927312355
2.61018389879636
2.5551816249152144
2.6088985293367637
2.65484770767773
2.6452587870585553
2.7540308927104835
3.009868791750078
2.637037786102163
2.784032661322941
2.711324302417467
2.7927180465964585
4.074670750529656
2.6504204623377823
2.6328025931132437
3.1480069558638712
3.0909224909644366
2.584992721825888
2.611866629502933
2.5487006119176967
2.5436302378806257
2.816763627483796
2.5645706566011044
2.79529482118221
2.6291985918516496
2.6178671208012974
2.626705328979774
2.6277289992035486
2.79239256742733
2.6001603522300645
2.640745608553666
3.0939493717757633
2.6844106636634195
2.6202054968736994
2.8291404293071003
3.8752500452346665
2.9257124593958275
2.8948363980290965
2.519251525386155
2.527746511465089
2.5495567417151177
2.528996172145052
3.2598897957127297
2.736336662036221
2.644109540956155
2.640777146554872
2.5952460481256168
2.6052943222293936
2.632780043771736
2.5699144072935933
2.659315205717765
2.578940563527829
2.6303131761505996
2.705144229648303
2.7124736359826414
2.5753027475046752
3.8721608102500813
2.671357770192188
2.618929784249723
2.5696512131080804
2.586490321048633
2.5738310414128733
2.5902018566774054
2.5992759645519805
2.5973897723560553
2.602531543520126
2.574957216549288
2.6068548830439124
4.889158708658427
2.6153748431596107
2.666576578257785
2.602154744582575
2.598177981775107
2.6103324839412494
2.6106632870142237
2.6089633421971974
2.7890896137406114
2.6863257933197175
4.737669173267475
2.6015386388891497
2.6907233618927178
2.650549034698754
3.8246738795833974
3.421950577396628
2.595266794545154
2.6059577819289137
2.930900288931724
2.5431094654810757
2.5740907855219213
2.587886887189602
2.6284663027429844
2.5324505446468306
2.5763660365960335
2.6296114349253132
2.6781285290554284
2.5927865812233977
2.714589329279785
4.694187423550158
2.740685339674353
3.303521375096476
4.527763068171793
3.0759320331923425
2.646591753998388
2.8648542191295894
2.945408644760491
2.525908234492437
2.7390400106718094
2.708908068326482
2.9934255553094564
2.5360473501651013
3.241414523636795
2.6541728404094282
2.6664551099056766
2.751309482788359
2.704656810806692
2.808141130291858
3.4651188541005418
2.5707887598809895
2.6593013049046275
3.105686240253771
3.0040233885693355
2.677425038565242
3.1378859510844928
2.749253124112665
2.65075150026765
2.585363792209518
2.548665597680638
2.53553807621891
2.604731953374076
2.6395772888055884
2.550750352100115
2.787403028473478
2.561015643992095
2.6380779969372226
2.631938448958537
2.543338208010362
2.5856403498648715
2.6185314754517814
2.854895267081922
2.6117719034937417
2.573602251168148
2.5653028703219753
2.609885487504375
2.5583798403647107
2.7189721317369946
2.8356941577414037
2.655613761926339
2.620716831441503
2.6236628436275935
2.560998313416155
2.617799161958742
2.6039167021151006
2.6217526584126682
2.609327307887955
2.59463286340506
2.965209230473551
2.6231215035866513
2.621415002200462
2.632160600547323
2.600087658816207
2.607434632242803
2.5965694400036297
2.6258450658588672
2.6040574411252186
2.6113018250749978
2.608957083113685
2.624191037374188
2.633645031962613
2.563693374584812
2.580281732883983
2.6063734113296975
2.5970108240827305
2.593901446700869
2.595668192417094
2.5956817793951292
2.6098227468317168
2.609429314822405
2.5974969568250845
2.645416867493423
2.5853743352933876
2.5972280022300533
2.5982712365541873
2.595809032762994
3.037522341452446
2.712804515739325
2.67028230450732
2.630379254616271
3.1177384674039073
4.217809664025286
2.5466082444552343
3.2906273589712463
2.5484984740259224
2.9074060444695666
2.5209893429635537
2.6216332933928443
2.7112750857000942
2.707502926771724
4.173035902148757
3.202182765382202
4.018243999381287
3.2035549908434353
2.7078303640047827
2.6855100201080266
2.781610354059912
2.6818707945830838
2.6446139822143477
2.973310565049884
2.5929557613121643
2.613998230875425
2.5624874344126716
2.567481004772305
2.5936568149923636
2.6346323845887767
2.616960583413134
2.6579072807404835
2.58363172104775
2.620934460107761
2.581652117042408
2.5671361803321555
2.6169915266245454
2.6318448185905985
2.5929794826639245
2.6675068483542255
2.600655008720109
5.6646413354847684
2.6456935074234043
2.5983580244073234
2.573908628875673
2.5709228341722756
2.656990378202398
2.614014944276774
2.629535786059127
2.9980888732890705
2.6347899739898373
2.611565795774492
2.785634567188949
2.6058671483525453
