3.8063562842782157	3.6017260581620505	3.63927718986863	4.151925534328414
3.724641118980534	4.427870948327891	3.7830124620644834	4.00894187295582
4.1234843564000805	3.7793544453761694	3.923458572022809	3.8586842810349715
3.781472992013091	4.040566913771197	3.7825695339616234	3.758066325125059
3.847049802135712	4.1696496799331495	3.592470568642473	4.504544099159618
3.800850752020742	4.49723119463293	3.613937874524389	3.6318863812178495
3.9599101085661053	3.840282111019302	3.5884981209917273	5.473120640888795
4.084490304421324	3.84279791211226	4.478507313763824	4.543960462757587
4.833256250539801	5.310653125135746	3.782999892373856	3.663244297880557
4.367485090119414	3.9789360285012023	4.859810814728052	3.7077103507029396
3.77288999165945	4.0061682647464405	3.6849075322672156	4.815325938493074
3.8968165819525256	3.8340346707078043	3.6599701999806364	5.133801913328096
3.9816391413899126	3.6626347545670006	3.9588478161397846	4.6020712316947145
3.645725896797239	3.847014895262272	3.5914484380034764	3.63271417004573
3.625210997366885	3.8163418371331095	4.216330201487727	3.586764709760585
3.7685868742704915	4.260643271201974	4.068931687051447	3.6847045875512787
3.6522811805033752	3.7719178648440277	3.7642388025697957	3.668183909156567
5.212530140146663	3.874015573086908	3.924854737803222	3.715201427147978
4.631312336146999	4.036406810134546	3.772353007407144	3.8133940080071245
3.7174160160752026	4.084642683292363	3.9175936923133152	4.167626451024926
4.14231406834496	4.1753426925540635	4.273739841607983	4.088089606988921
3.6387525491136525	4.602271625153862	4.72705028922728	3.715176804917549
3.611762093535119	4.162782693813479	4.276307694007774	3.810979614170204
5.880004297676266	4.415278835616457	4.275374593842561	4.011687499934975
3.775195053719905	3.671967903745654	4.546082766099352	3.776003997293368
4.032745667832368	4.0027650002117285	4.269701590437566	3.9326767962729967
3.7973480632802636	3.8646391985317288	4.117490007269925	3.867995176808969
4.205527177063576	3.8734830300871943	4.025775844596729	3.8967853421548626
5.3553499549443675	4.551273963022293	4.174086220382897	5.758282285812641
4.335459777509991	3.8384678360405537	3.778339056288769	3.7341564534476728
3.8722738127139316	4.883970207122793	4.013147430061329	4.802447359246526
4.110402326943475	4.1801866915021275	3.711443044274901	3.8970546980120453
3.8699813621632155	3.923768667817197	3.654335873882542	4.439858593044932
4.320742029176317	4.32710397131663	6.039101688032326	4.051039159808642
4.161438025632096	3.921365469100354	3.566470335459243	3.801747148241623
4.345138379644908	4.314937559166289	3.557616625151352	3.586833690700164
3.9185337149882367	4.20593635123416	5.54070952760735	3.819664729907582
4.326759240886348	5.169108975012865	3.602287301964193	3.857840534820802
3.903772768154543	3.6352977237185673	3.61988523402524	3.813739784770223
3.9661748366784777	3.823823710647811	3.654375587142188	4.361805354114843
3.903960269444478	3.6462977825144987	3.6680496044223316	3.7293800702575557
3.6444673046970864	3.6232510261745876	3.730516966013606	4.072616020431233
5.093405517420367	5.154592021489435	4.143906417865372	3.694898437689333
5.13204865866734	3.7116678709587005	4.928459159739757	4.308117779411492
3.88745997542613	4.49446933050664	3.767351444390197	4.347232364954344
4.032704795933307	4.294804281070069	4.278864494875279	4.062574714073037
3.7108536021064586	3.6341458682078747	3.7203419770992436	4.70407773669181
4.120538865815824	3.76285807372869	4.414944572781006	3.893065284516728
3.958436788303433	4.393262987421207	4.077809778596295	3.7520320747867877
3.872846160246624	3.666939629390189	4.37617688973385	3.810819185965161
4.054437071679087	4.506816177063868	3.755971574984778	3.7212102631949286
4.402460512115138	3.652783585099775	4.23965165550325	3.7893954130158143
3.7752209081091563	3.7232087321483487	3.7544557899395765	4.597287167314165
3.6314074022353067	3.613915147540846	3.614026210626373	4.046763469444355
3.5664332600896422	4.06460479673751	5.504920840070373	4.624981513673457
3.562990362593091	3.642793642104286	3.6451645291773316	4.87938210046663
3.6626451176837493	5.340807309139926	3.848164500034795	3.5721964816027234
3.604223139613556	3.599924463150396	4.583151321018752	6.206977008833604
4.395547836078004	4.193366097015845	3.8083772580227997	3.7479863650267102
3.644330906324286	3.6183047646353903	3.777448300833484	3.6514690655685444
3.9460474052206678	3.6577774116174324	3.8340947506322296	3.5750715678627074
4.752539815163109	3.837847438228574	3.725301962427975	3.577885796288209
4.6332817031282625	3.682507280438838	4.217988841239956	3.5803156124531883
4.243917346173252	3.8239100230076284	3.7315682688767167	3.6303213774678125
3.8930221493210526	4.627984646369122	3.7952266026027566	3.641069693006855
3.752764822652875	4.557526855688684	5.24205565316908	3.570057401002745
4.905186601133563	4.150087784392701	3.693771435559934	5.012930521138415
3.5705638618813498	4.333547082509333	4.512253947612101	3.7366499719738178
3.5614479115983153	4.640297320461732	3.86374224616312	4.109861394701153
4.440892984268012	4.299107548870962	4.115304405841609	4.504340238570698
3.687620517208221	3.949799203352733	3.8175354524033165	3.9043341871836916
5.03587124533466	3.800113593316114	5.148227401486698	4.344984650622626
3.6330251870523576	3.788020951047897	3.8535121464618562	4.469807804519023
4.056661884374984	3.801711455933406	3.717094021244677	3.6394962818136505
3.817609032242138	3.797662116873276	4.647605668722749	3.6329174314414767
5.760290265157495	3.9810500411943255	3.827402896769628	5.319688795237418
3.621740262743937	3.5716439237963464	3.989543142946204	3.594928091813193
3.5858088267349615	3.597872717379792	4.354862516740591	3.6789519370125907
4.088099711976335	3.640023717858598	3.8615265046666787	3.7961805406032085
4.6602073591134	3.825928833021309	3.6829156932137894	3.5794321155154933
3.898130755142248	5.5448317629817065	3.88216678783758	5.499718668757517
4.220880718295541	6.491593673753911	4.222289213621099	3.747849062179063
4.353540778943591	4.949883232565006	4.972624686419981	3.598292474441858
3.9925163644305837	3.6990519623598814	3.6513943024319726	3.623663991792928
3.6976449829187654	3.619371940649684	3.67898754676288	4.455579109616913
6.05648951706872	3.8109710502388503	3.6591984673573807	4.114387641454459
4.1999504971449735	4.105754146703347	4.946418709757184	4.257492860966637
3.690946055342086	3.8643987902834764	3.624104226186897	5.082032559081917
3.7227043662817416	4.155089464440376	3.5996400557275674	3.726055889680721
3.6732987089499742	3.6170617553553353	3.9533972195736546	4.4489442375556285
4.419787502187083	3.691033524355547	3.7669452936747616	4.396729401700658
4.425565173501877	3.918026090581554	5.488499344760915	3.931943720692739
4.811366163556537	3.6620353225579474	3.6952071725720397	3.9513405526381544
4.177541164493153	3.7608083391129936	3.5612845959570065	4.050273285727409
3.8009185451415535	3.623695579042553	3.5645602518841617	3.5926963070798603
3.6831719428445213	4.521553494727996	3.568229356682487	3.7463015270026268
4.893535255790049	3.62299266027718	3.567454407660462	4.431883717753914
3.954271201373907	3.609050668473319	4.186626080059337	3.9028461081955097
3.61706614948676	3.617027537261201	3.689770513073932	4.080371701681859
3.7782250388367915	3.5928878453996456	3.6248697137109103	4.46301807432341
4.387372120721848	3.653762177279374	3.6717876701535417	3.617536268726305
3.883540359511252	4.357390806784161	3.8221758182859653	3.5836824823920335
4.338003489549543	3.924004497173695	3.62622685180884	4.8598827510352995
4.268001936512803	3.838638285360456	3.6893845193518793	3.72068856911499
3.78773133806042	3.722868405094941	4.02662086561345	4.532127476194615
3.7098047379614836	4.4652134543751405	3.7077038856563322	4.247195626840922
3.9764246652131474	3.845996299107478	3.8712646421567127	4.126531119016077
4.315858848187964	4.083224756363265	3.7963865382185054	4.408059055313245
3.8920697036425747	3.667286197813878	3.878474807073937	5.228342592414224
3.9410738325133066	3.9298548178410826	4.359995027236157	3.6534624140427434
4.2321718357191	3.7787717161152194	3.644592196359026	5.031465665706744
4.211862591275307	3.682884899806339	4.323739680028562	5.261839279224661
3.7554598373781793	3.621119451578287	4.289118570968689	3.6985036521102326
4.306370244593211	5.230775119555007	3.6353330475443504	4.297865358402587
4.519814912837615	4.519422550649602	3.6388740264694106	4.113297145150557
5.51689617956314	3.683458327749287	3.5982530794128063	4.1334730650794995
3.5896249105151297	4.15470290055683	4.280780917528501	3.8570882494168286
4.067453829945186	3.984109018331875	4.041096906770072	3.656167251894731
3.627121665686771	3.7850779628596283	4.137719505917631	5.126743487308886
3.6904259560318557	4.259823853060885	4.287448175984226	4.017252419081471
3.8950075389477252	3.946381172026217	3.8550707462323093	4.378701735290576
3.805879907898083	3.6685286311295844	3.9489352698105	3.809550886402744
4.7428535408309855	3.868380980845362	4.504456072123496	3.6531938070436123
3.7268695723453473	4.006466622134382	3.870686740721419	3.77609660818164
3.7652961570732346	3.7961003003123306	3.6771003713002206	4.0692418412264315
3.67206380823573	4.064982625536214	3.756388310731358	3.788308967384866
4.270612140158178	5.135240881123123	4.829650489343405	3.9123734228698424
4.042028663311343	3.950585194388121	4.047146590848304	3.564019332045852
3.8422398960820985	3.909962732163329	4.910341084138711	3.594236176263454
3.682127424075203	4.3714632067016685	3.8796551302574422	4.5492697644434354
3.665805452696402	4.471589361207806	3.6273433366643744	3.8144013878174956
4.260363826541212	3.628108005882876	4.401573681596717	3.5933603791374336
3.7646952915617287	4.0931630205594045	3.8606452294172957	3.680220770903523
3.6769747490510234	4.342569737533038	4.672301711339174	3.7576594493814746
3.7096949395912753	3.659980237159841	4.029573959166531	3.9309682843353855
3.6165116192417837	3.6914538984932665	3.794904888730949	4.906431889748082
4.081159386874695	3.9383612043411333	4.166604300801604	3.6638863945616538
4.192752525757215	4.178893319979558	4.414861165547083	3.5863996070105073
4.6847873107872955	3.8253219523842494	4.306242386687378	3.8197806547731643
3.813185822328161	3.917064589387784	4.645041500083638	4.077907895608391
3.997776807917063	4.6809540773970975	3.6001742224315167	4.952894030331111
3.8969785683167584	4.384268572885649	3.622275369193633	4.763355717193603
4.200881332301073	4.388882809103386	4.189960261592684	4.7748894866282345
4.714813939079548	4.21781680523646	3.7807812311168156	4.14055192538915
3.6504122813774034	5.859256621812368	3.814265961997755	4.084748468327775
3.9156673994947244	3.720128849304806	4.367250038752408	3.93335036169125
4.216652022304965	3.6656515276071078	3.7574539923271244	4.1611914297750054
3.8310198157838866	4.5767395865683556	4.1859210186215	3.938652999774928
4.727167634305224	3.7480340451687106	3.6955915315189243	4.479223785114931
3.596555803462961	4.314892454997641	4.185741319448231	3.7671378785824574
5.193132470596366	4.540890722215499	4.57637368914054	3.764627303827737
4.4176302852489435	4.198473193855215	4.992157973082884	3.7374324409807858
3.9180145290837514	4.017685810657867	3.9489320301931254	3.685131390370097
4.4473369633756885	3.7348596023143976	3.7714536741642037	4.487526685100298
3.953534081787703	3.573855407717813	3.748898016269068	3.635195269264745
3.7681437897880645	3.5640666844687328	3.6303315902939586	3.6925594326434172
4.176372322597146	3.5804222554328087	3.775350994260592	3.6560902168922684
3.7314546714862367	3.593190054691355	4.134849268981538	3.8994721042300453
4.117867467205607	3.60471056391907	4.3586896719871735	4.465385129565998
3.7561755691794807	4.482305436272416	3.610801769644309	4.512965940029143
3.829109508209842	3.647185731894711	3.8059446657134908	4.451360016492452
4.686354313545639	4.049392851139201	4.461424545894161	3.9648388807825707
3.765571423066128	3.800316199166773	4.271342935804494	5.520935779385608
4.200976011242562	3.572214623542972	3.6994997360038115	4.970630470783775
3.8963368820566178	4.605579757490565	3.7762898034909047	3.828003089400569
4.049069541810662	3.875452997524494	3.6720083536801895	3.6556486783998947
4.13394118861437	4.31593440727735	3.6823597557660857	3.8300675821674157
4.663187783552669	3.758437461701102	3.6168092678052997	3.610774746567275
3.5710254269256354	4.919855700750481	4.912270575867319	3.912978599281291
3.8351839131988794	4.919855700750481	4.337297097406723	3.7376583974936612
3.71972221485393	3.9872990624715667	3.8525519292539965	4.372683362291756
3.702098055597798	4.3510903596453225	3.6761023572959983	3.996507153034118
4.235192615173117	4.461554506129014	3.839830929238633	4.594443133308458
3.916609631871903	4.127986933815622	3.702903445350164	3.900774018257182
4.0969868295695795	3.6930296675128993	3.8124606185239127	3.7275380819932558
4.468650203478822	3.7484900072404836	3.7879389777789876	3.7619839268982855
3.870476424829916	4.50408419405389	4.0425294687690645	4.763403468864793
5.881557960778862	4.0657749254079825	4.145643391663809	5.255066363159033
6.126078990964465	3.7615346427516494	4.61910520694641	3.764364643706264
4.550008370076486	4.143977283992737	4.043502945032224	3.775539323774046
6.049828935588077	3.786849260690969	3.861911257780453	3.7305140597132995
5.976391935040025	3.5864159572489482	3.833231215193561	3.9928882310732114
4.4294560124679165	4.999486246499389	4.835974239275406	3.8289625877736917
3.6106371412713907	3.6152757114553467	4.9533936599855535	4.0289014425023275
3.6538808527055013	5.6483452546882615	4.580733836408813	3.72435991777112
3.581844475427464	3.864575938555035	4.421979572957959	3.5769650039516843
4.506991717279861	4.603009782967755	4.122179671019325	3.6473973918614235
3.6284219219364284	3.8252429425354917	5.086630217876621	3.726776006252534
5.802948292744613	4.064054695942938	3.8039999875999815	4.206462899853804
3.733214852791262	3.6161573811627665	3.881808756411326	4.0389810882131485
3.754920716207823	3.613395283415101	5.995153605947178	4.293763068635819
4.000807109557753	3.563769357526437	5.09268291029728	3.8046663577491824
4.168583166256447	3.586315992411115	3.6018597624090054	5.869772516111501
3.8206422007407146	3.613792503642402	4.783207860793702	4.024384286426495
4.047399012278836	5.231484956597485	4.208790238502417	4.945197087770506
4.913767539011498	3.9197393234762377	5.100720483609669	3.603486045794486
4.88324529335563	3.7843597790154986	4.167282003069933	3.7456655552155698
3.623973555154448	4.090774210496808	3.801175905037181	3.8137649313195316
3.834573688254534	3.7023525384765454	3.753960320711217	4.107460179656782
3.9788091704372457	4.201976264189547	4.018240089476531	4.652706267693032
4.120772819782415	4.135603258516417	3.7553650085900054	3.7730125517143493
4.028862593691812	4.306764108718237	5.248644582951405	3.597482879248279
4.575628493769214	3.774012171572659	5.229703224091729	3.6692752151325765
3.67307026130306	5.301009221929371	5.652337485675087	3.6970231360001664
5.16885884965913	4.13057988744847	3.753260951811221	5.280658074316585
5.175156192051192	3.8155196810910734	3.696366450361941	5.143951978326843
3.985459368334922	3.766234941844671	4.202681031856799	3.6695466195102338
3.642947013346414	5.222460897585643	4.101960221333263	4.371334509552614
3.5582481530975087	5.2567428098667195	3.9000434595143547	3.65131178718442
3.5580544696814744	4.8997960501958095	4.2324906543953045	4.49194584255743
6.473244505770571	3.633681578030974	3.590628472782209	3.9637400130531484
6.413324001540152	5.61863471077675	4.675558186677063	3.761784873052891
3.7460151537317525	3.718016748042254	4.914829118271534	3.723694631093723
4.22382272701739	4.632397303032348	3.7299191425281917	3.9131087642447264
3.7141179147832144	3.6369362402133762	4.222737619896208	5.1919969897900735
3.6563783874183984	3.753112535527625	3.764160731487438	3.8656357735866322
3.74535990924158	4.001308549266443	4.18762343745373	3.593809193216377
3.936852842129884	5.530347841694619	3.8875521322134254	3.6340837108124955
4.642075991085663	5.182342124549882	4.450671066788971	3.711326189518404
3.696309503093607	3.663246681886226	4.14089304920369	3.8932717192370947
3.734551005660866	3.625145138604463	3.73542019441345	4.906092586054855
4.3606230116877445	4.919546178616618	3.9906456767758898	5.448389656854072
4.5113475350931695	4.286029232942267	3.736484464172091	3.5873702482943086
3.7592469055448356	3.7116290544584123	4.655017344535951	5.563229668219211
5.2201725617151045	5.1480575527933095	4.249776923470076	3.609370512065166
4.116922194363598	4.239262831581432	3.8690605611368243	4.313326866879412
4.2650080312512335	4.657838120717386	5.210084743348089	4.002636963180409
4.095345269009987	5.486900906007484	3.754978469845041	4.094052447894604
3.9918977684230996	5.335415905888412	4.38134985310801	5.359591707784903
4.125489731995899	4.423506247965083	3.694137666024147	3.565327176704883
3.681106919633953	4.179881386887903	4.200561602316661	3.7472483010613518
4.251060349100077	4.590997499770237	3.7367871520836804	4.230713360638666
4.670104463402518	5.134584620173397	4.885497509276544	3.7759941588445365
4.089963182323798	3.637464521142217	3.6284538147984717	3.6780251893181344
3.782376471897028	4.795596537658822	4.8874646439097305	3.69135146175738
3.85500672298494	3.7314530383745823	3.707200583201834	3.7090787186900496
4.120828894306984	4.317077778198391	4.743881306749516	4.330066756331442
3.742302581325555	4.235002183897565	3.838443873764503	3.8061661392166233
4.1868734246370565	5.559357482262513	3.855073346201591	3.6967210319019883
3.7240933113129238	4.031489172713255	3.978300253203539	3.71928670418505
4.160368341442605	3.6288073690911413	5.073250298280972	5.737880540106647
5.084184808692476	3.6113338738364833	4.0588169325191386	3.91650988672498
3.8943841580891716	3.896468823416056	4.537879707846695	3.8968844835480323
3.847495985504885	4.078736341376871	4.061805320464831	3.730624289900568
3.8418802322560803	4.118546719194282	4.377658876356781	4.482549146044253
3.7246642827736958	4.882243749503848	3.99581242355362	3.765483275150082
3.5965255982665343	3.7423277270772797	4.004260812468246	3.6743034016790297
3.590343762870145	5.447463500922264	3.9709779339980225	4.898342457266208
3.6522272611466686	3.6342296326493826	4.072728243579493	3.775006225020673
3.62464509063515	3.977289304465816	3.918746965781747	3.6931761490357884
3.7309037567895986	4.640668008188817	4.212063315897343	3.714380482861692
3.6582341254764232	3.912571014714526	4.037166318106793	4.238288161601417
3.764587549378788	4.0681609435773725	4.528402684675771	3.9422807024118387
3.9265366980063763	4.360207489081035	4.039091393667447	3.9895328910269114
3.9417356989763346	4.253023155389551	3.8735648764499393	3.8328890106261415
3.918935257914553	3.751038759215983	3.7126231596710166	3.6609406263824544
3.608391090529441	4.33109678628662	4.00819721214201	3.754222475134299
4.087834994330493	4.9038671055025675	3.8320078994037585	4.449423619902752
3.726641049265278	4.425293891066808	3.917356778872005	4.199709354424799
4.331885326132301	3.8159624661591374	3.8741409159624123	3.7054579743835703
5.0096347506146355	5.421560629262285	3.9519533750639755	3.608769109222064
3.9500252447907793	5.489766528644724	4.116549035094449	3.604579805090609
3.8258389253400265	3.61873805982614	3.6669929073138867	3.6258404182017476
3.5801091283704554	3.7927341368614114	3.648378662831931	4.571349920380817
3.5842879960107306	3.8694444192516824	3.69653430766764	3.6861358383599234
3.5858971375866506	4.190993465666835	3.8343279770391585	3.5605902753251826
3.5899212225932375	3.795310751196708	5.997795962383161	3.556537600118845
3.6762223438463715	3.969264590882108	5.48258241318884	5.895926302763756
3.7849070927390445	3.7971362052792776	3.6052510120428356	3.602802544777766
4.046872138644111	4.095142094807717	3.9175368276202427	5.650628154080321
4.469408095521874	3.902568442794388	3.701436532858073	3.996247825738637
3.7367939705271684	3.673371780992415	3.6034323857191337	6.332569318755824
3.814679299467033	4.561503641553703	4.999309878180574	6.664501370372138
4.194669120837066	4.758229147836687	5.105883899696122	3.806592345690263
3.590296337370668	4.262119120068505	3.593980248892786	4.0750296422641386
3.566324405299862	3.9396635918798166	3.6047203095207694	3.9856191706697675
3.7479084649106893	3.6560286946416154	4.309242605171979	5.856043687307601
3.637548650173006	3.7191062246570628	4.359006481863683	3.5796452552129496
3.9685153073491213	4.169738387218148	3.9162824689905826	3.6388813776911793
4.300549854362661	4.516896071845343	4.6773548013085335	3.6090597837875467
3.8588063539292383	4.975174000307259	3.797868204568254	4.224198334789207
3.744567416199009	4.925558590475549	4.174384973767982	4.016558855148141
4.678357902998655	3.6092633891039507	3.941352980563962	3.839447538201384
3.7385137565874667	5.752920613410349	3.862879443333518	3.898791498019545
4.819460633340671	3.743422643577368	3.714782527667978	3.6069876073781613
5.179142273871712	3.690079007196772	4.141477993514492	5.033890625108837
5.585766098627809	5.047612656225585	4.155364215887841	3.7128258209102794
4.770635054743104	4.53054321048748	3.9699214255480255	4.5592957469551125
4.446211035500962	3.63999736144011	4.797290881657033	4.114219614911758
4.495771375523789	4.692900944880889	3.6924263065747676	3.603061545147551
3.7499337946735998	4.026216381022222	4.050321738288439	3.601773384674596
3.816181019806658	4.757102118764474	4.446248333536115	3.596959815364839
3.655372035741964	3.7964542152724663	4.096817635303503	3.6893871564962466
3.8962418407450663	3.7423085878081324	4.617701506160401	3.683889797564305
4.169048656921415	3.7525072373330093	4.04304022489383	4.1949022196900545
3.7832899666557047	4.12729166139768	5.363557412038221	5.303194284117116
3.6190645115965197	3.67806432497137	4.7903914257978935	4.11340195962255
4.953982288858102	4.121202978065909	4.632128150569702	4.090991950464201
3.6381557429144955	4.373874684756731	3.889807911518103	3.5985258837102716
3.6449693162450996	3.904884226937688	3.6287375927597103	3.633447648792623
4.548366705914468	3.9655906285896534	5.012041861372183	3.593273997264226
4.144882457899308	4.9962311731737135	3.6136758630374137	3.9867551636485303
3.8185924248028362	4.2655383566356395	5.850602281357287	3.6623110514867854
3.9682490124117775	4.710428124614515	3.600689653580428	4.66653185724675
5.055318194199727	3.839584866100817	5.3994398366935	3.594773806737274
5.853517762882355	3.9034900754491337	3.760361225708987	3.587814393897303
3.7537266911311495	3.748343594324599	5.202213014883553	4.73155426910464
3.6531745586963873	3.9009892530628343	4.325767841444136	3.601674306086097
4.1571479015709265	3.884722776782378	3.7721340153573975	3.7646570224928197
4.507603818273536	3.8140817056128	3.6107139785466886	4.811690804623362
3.887344613396343	4.047161546606421	3.7199490205811125	3.935436720448976
3.813543458610235	3.6432373973308443	3.8357499845555174	3.691935033848488
4.479133358196888	4.281920992261609	3.837600331934124	4.582057119371236
4.705680353226056	4.298378019191355	4.336481837185225	4.109526668098141
3.5847845728488696	5.345597125637287	3.880274234313041	3.802807979413031
3.847970780096785	4.526126796301688	3.6996515255114817	4.8110265479806875
3.93226461539468	4.511947525376319	3.585647801892854	3.733010150243008
4.0384144844754575	4.549281712825672	3.5908730863150344	4.8095432275442604
3.83561527639576	4.890063129760524	3.907735309829081	4.9706172411651535
4.261388064719491	3.623584061442938	3.758212507247803	5.5850608458916025
3.5624776334850177	3.584885095879992	3.5620881077032753	3.672275891797345
3.6377515498252695	3.5820050165329023	3.7854407911520633	4.925881100915995
3.5898885554231326	3.57397740237224	3.7473952881206696	3.9252260020971432
3.670137297094816	3.559711270078327	3.596251289627137	4.282939812653032
4.673095429296867	3.578825975931384	3.965561033913698	4.541799066346999
4.157920369452609	6.052870380917544	3.6621563173904934	3.6854390443119334
3.6163346434079324	5.61520572817944	3.7599403278219947	3.574828360525341
3.7318959513984233	5.6372481399370304	3.603588257086336	5.220518773268687
5.3197469935716075	5.162823839019404	4.65770311483818	3.5948837637802624
3.8832480437948336	4.142507258947338	3.6023061028852768	3.74616326859101
4.887284936025545	4.129065954866565	4.889431330838276	4.143713083363462
3.7495207215168636	3.6084050755988804	3.619845006857882	3.6233786695745893
3.749735822430372	6.302481834721668	3.6056748676674686	3.659443320417636
3.624626415121338	3.7982137597540473	5.309274985570797	3.6300758839827933
5.181943012473476	3.7721812875146346	3.9083617816845364	4.203973916163234
3.9877333487752087	5.062995014161061	3.7838074663841517	4.544796895348062
4.116318212751736	4.429793294117788	3.660186206960998	4.470300640306311
3.6588309944379063	3.9016203973607255	3.932849776973472	4.207118085699437
3.9494901303704686	4.173386628377367	3.7895162311701758	3.6972651005091466
3.8099465059955193	4.012886107940752	3.9619322952517826	4.2168522555282655
5.446715385628424	6.199749032568766	4.839209573126478	3.9693814868685955
4.313534027492929	5.426892073257876	3.7916677476564016	3.9350066404206583
3.8295708781161704	3.6056935319762498	3.97368288031101	3.7897823617278763
3.960252380319327	5.874644186721964	4.3062921767116515	4.575425893597533
3.715085042729837	3.6230550171799303	3.9852212558994258	3.6445105701761356
3.690252737544591	3.675698973287011	3.7209130822668253	3.7209522227155567
4.510378438426695	4.574823892094851	5.284141198755922	4.274455901531326
3.5878413540368808	3.7371610017960264	3.5972334790600415	3.689206285538312
4.982661877484373	4.904484426354779	3.8357355800290125	3.619965694358907
5.548389959324272	3.627477139209252	3.6784216802455036	5.078801011328363
3.5924898150518825	4.883417689557322	4.964935925065744	3.7487552923389296
4.237684798165388	3.662708130877271	4.356861310710634	4.7827539859465205
5.462437481478359	5.42928269266886	4.660169522327219	3.5910536245522993
3.578334311502135	3.607890862791643	4.1713164438597605	3.675376074272578
4.3691620397743	4.824551654191448	3.7582575476649387	3.6977991616508916
3.6181342259342144	5.439446505316947	4.025437871843872	3.9953011321497636
5.423509211616039	3.91644627743022	3.6776651876263586	3.740632395343904
3.71002471516878	4.108590926924588	4.162543017851462	3.732127874823639
5.252375673911178	4.408162488783069	3.654657763499749	4.726328969615227
3.5895322564751106	5.150722823422234	4.068392211743685	3.9356303423672423
4.131519000790145	4.413344464913893	3.9923584667793297	4.043713508032529
3.8969275344080305	3.825153642760979	3.640361206981739	3.6978871712150863
4.015816306405961	3.617162486742182	3.6120112103367346	3.754853963614315
3.649693192923001	3.5950081685621798	3.893323017612603	3.774066060362255
5.014059713467767	3.731005543979945	3.923858122619322	4.807494836377208
3.5970492409832784	4.899437402146288	3.8848942013272953	4.977413429192978
5.123313981718335	3.7251367519401706	3.692341072276416	3.758450985241065
3.7843438958863054	3.932996472592804	3.6803534113775753	4.607154483389658
4.790256669787008	4.441795926366034	4.369415650854768	3.627797787101634
4.295914569046664	3.664828918835952	3.652027180057045	3.6409788751109766
4.458364274910408	3.71095600671341	3.668207113862674	3.6798711174607845
4.747369895423095	3.6549162093284484	4.380847918967701	3.899850578929961
3.911193891411898	3.7677606007392694	3.811527158047431	3.9422610668593503
4.606147736729573	3.825420013042432	3.965635551809	5.848482852927406
4.419918237404719	4.221151908002001	3.743975076568434	3.6473342992356947
5.024772307495595	4.134673932477028	4.161235897108998	4.952763057789717
5.248746373079819	3.790011323293992	5.03989685122378	3.876180581894774
5.433862764530396	3.9390679321831126	3.7773605634976644	4.394309148263214
5.2247422365462315	3.755140454090623	3.5996678572003082	4.098380589060691
3.598582120929707	3.893532291453011	4.117865221956407	4.016537753071324
3.603728286026401	3.684742259543273	3.6155928621078917	3.6470789471762073
3.668905892088241	4.871448194458474	3.8310215223116484	3.673633982397929
5.193560603197932	4.573049287701172	4.057850549997262	3.5899791470532607
4.054936152699168	4.527755486477533	3.6383278071751084	3.5913425317901684
4.028156977843066	5.1084226178468874	3.6291996467045813	3.621681372204954
4.152624190318862	3.5586819362139	3.632834322497463	3.644002350713849
3.9199369959254904	4.130573984833572	4.554203648320719	3.5866549389770723
4.905697800750364	4.643435956684402	3.9075964987765675	3.597875467506005
3.5733253478200866	4.34258189607389	3.6127304728107577	3.7511552699684905
3.7325454962380675	4.222249699401388	4.634268597656367	4.628562773127998
3.978288556632556	5.226294729357143	5.288888017867456	4.365325849121681
4.442651943770125	4.334522286957217	4.668827899760535	3.8206323982863513
3.9434481461504665	5.9645762977649195	3.6483004358765805	4.56884785805324
3.736698173398706	3.9005161745573362	4.686963124711019	4.780075775122766
3.80814698725233	4.031947772810761	3.7856181413148593	3.5824139768838066
3.63766899061456	4.0367769904628314	4.531586992717782	3.6859147776929273
3.7454193817348758	4.708907947190442	4.39072827690883	3.589334141001024
3.769596526986987	4.676384671429866	4.018152139610242	3.652736055854238
3.9104082229161143	3.6698718507441006	4.094063536084861	4.6990076107642675
4.006707350373359	4.966181240675879	3.698447007466099	4.649126276375387
5.303473870922218	3.921710076329281	4.888874059011313	5.154002849984844
5.145062961538477	3.795806070926742	5.424578660130138	3.653998229908157
3.8546333151032957	5.293185646776795	4.612307968750276	4.877317320604339
3.60788362071124	3.6427936222124204	4.803314080318944	3.6724791721359695
3.596094231299485	4.101277739159772	4.695176949374457	3.6910567385110378
4.043493581743498	4.5058762771354015	3.634857450474561	4.055889061319322
3.6637832792284444	3.7870173100077844	3.679810384735301	3.9599594075461386
3.815352059061225	3.5981537670849257	3.6208436309971708	4.071051522974871
3.7393063688199915	4.057677852163278	3.7603226926800515	4.985311826807592
6.2366823786350905	4.00891503754079	3.588363767008784	4.749956994041116
4.216513860978086	4.317353986255557	3.585440271763206	3.7176024721815364
3.726981703558649	4.580754914868461	3.790910144207097	3.657065954667954
3.675621289699838	5.995049563749309	4.396378526391789	4.565519582908121
4.312898626515568	3.6755266799476107	4.108065293089519	4.241101308220626
4.597895551497825	3.6773148237717934	3.7240823669614977	4.042884940543808
3.822325963008237	3.7021191697905236	3.7302620496460195	3.9984419708588494
4.017243931521921	3.812327525873177	4.510806141371361	4.024310937765843
3.6131818540434355	3.761842676623038	3.7146685355009152	3.9113162018674896
3.6296045972401605	3.683184398347338	3.6336728068902984	4.150091540100398
3.8290746648815595	4.419126683889857	4.442194737947103	4.207560640099313
3.698213800813468	4.182292535209634	3.76127522987494	3.83027106399479
3.8420877487175087	4.198299110433351	3.7129972510183897	4.753453991831683
4.04284644268123	3.9802996780495166	3.6954721524166025	3.6832118643961893
3.740411398061521	4.970076328654707	4.317535792595251	4.383373421957202
4.190651507828179	5.814192529951128	3.764529105015513	3.6349392564902634
3.7856405702062976	3.650807888660074	4.157939534034051	4.372257282805255
3.634064072324648	3.8633780107669584	4.1955288137179245	3.943211154155855
4.519874717484019	4.197116063186096	4.9796268396399075	4.132723452994517
4.266901068422573	3.718108262075386	3.6880205672082793	4.225521739514673
3.742002603643521	3.710941881042007	4.624578418726859	5.567006351435275
5.0196588996273634	5.816308055369332	3.5887630015564063	3.5970047596224157
3.627114082251098	3.752321560124543	4.264301317645011	3.6076193464258486
3.8097318614588715	5.152920657099331	3.937955549747744	3.8442256019901535
3.6761829801137087	3.787193525469945	3.6014232815374863	3.8987071172010705
3.808813605447467	3.8758407006032036	6.0154155150499715	3.786158811033713
4.144026455413247	4.425251850151625	5.332427017966592	4.042874103827487
4.013900168945678	3.8677893830975427	4.59247159797079	3.712370674934557
5.408142484656118	4.004620709550049	3.8995669490847997	3.9158931959305097
4.555395398274661	5.130526773812857	4.231570931989634	3.915416414148478
3.664525541208363	3.7694789913208964	3.6370436829064663	4.432658030435057
4.866942468940813	4.179202508099767	5.054997276441359	4.098051161335266
4.158405971360399	3.754665598555132	4.757943011152742	3.847951551557075
5.682364764503436	3.906029648501081	3.6498657703774553	3.732408694424738
3.6349633806126045	4.102349943829283	3.660739004121492	4.39472746106248
4.475613809972562	3.8688799483188703	4.178643944216411	3.6146196272552418
3.816269448352239	3.9459414080699573	4.123901851375746	5.432920313174016
3.656673149253251	4.840754245389048	3.6188215792043654	3.6281295023588154
3.6034911511386403	4.984130496828551	4.862561865251587	5.301780514098379
3.749111583115626	3.942157874983441	4.146963895495807	4.210042211141201
4.136077310508886	3.6589233063484863	4.631675256202227	3.6594694595585784
3.9938469080214856	4.038527816301099	4.799038030011859	3.6487671990960338
3.6904506141106506	4.221898118994261	3.7314528171704087	3.8632372538125654
3.715289894497714	4.137291708815809	4.204219274043975	4.142788716979717
4.807602355721015	3.8973630225521925	3.9334094630289704	3.901212567968776
3.682187948942341	4.011052398992961	3.694007071222435	4.947396913083811
4.331276388478672	3.967527507430594	3.6870703660774975	4.448146246937983
4.305012562981051	3.6338889236729273	3.6830700294280367	3.6888267625468982
4.651253164896991	5.108017476182023	4.0915539060039094	4.411400812326998
3.8816896207885416	3.722187873625308	5.048819108082094	3.6230188832732724
3.752065460403955	4.104347251798995	3.848831745599279	4.04387153950563
3.7948605404018396	3.8685388564193497	3.9930600994421144	4.605550264619101
4.4160170360883235	3.7897164078517345	4.02482225175297	6.603427519108329
3.8245714222054175	3.697004149243427	3.7414125376411467	3.6171936613313527
3.7289308009265154	4.439470648726243	3.8533748689946616	3.7957454786184432
3.953486158401861	4.749312122220434	4.041858923420288	4.157407980088593
3.7823240935445113	4.226322014810435	4.159496655995424	4.922827885241665
3.7988382305074144	3.9707201532392373	4.098377889483583	4.1767706316841275
4.175318680084601	3.687869244324007	3.815535495562269	3.837728078098694
3.6411647903603983	4.0836955034959885	4.343962492685473	4.378660328536224
3.616435174329137	3.9196797264095062	3.7496614003800643	3.895396540526646
4.445023965621212	4.087823410022398	3.750149280963771	4.8681014050034035
3.821691085732091	3.8396724154995967	3.6306812359879292	4.0462610929029585
3.798261559910305	3.8207046976839343	3.762791172241562	4.082809435657974
3.6535368335291016	4.048407292204318	3.6093309530342195	4.0470236387889
3.625886849579619	3.7021900754997965	3.65939375434452	3.825966373676602
3.5851593225592735	5.03575782134975	3.9105965387047066	3.886461835558909
4.313257264709806	3.641532479809573	4.742094805312442	3.988460987752924
4.05169523609637	4.9493411891491785	3.9454976609911045	3.785201202216225
3.975856725112928	4.140400971057842	3.6944681669139436	4.628643226652199
3.7947265736041476	3.7994959984470293	3.959135378413254	3.698539054431556
3.9287266049079186	3.716461160833835	3.5768358546217875	3.670289983886214
3.6046414189873	3.716532067552531	3.7713763465906585	3.825911436533243
4.274793922339135	4.377675049824395	3.576078967469277	3.7387267208786117
4.121673059575578	4.072592334250031	3.869990566788312	3.655381745156256
4.244420263602516	5.875440473393117	3.639472150027564	5.279720490508805
3.7342014258336396	4.249681618538489	4.1700001531809825	4.101912046611162
5.006710105624022	3.824618160441217	3.8010611760865114	3.6949813671570837
4.454252856761519	3.8634685514596057	3.8279758424035686	3.647134939943556
3.5827757299289282	3.602507344534666	4.034659163025458	3.663242787143231
3.59194866886866	5.515490497482675	4.284852379249864	3.6801148037369753
3.589998666952921	3.6970770963399975	4.234393623327253	4.489961567830618
3.562854479191115	3.890809730502605	4.1805286200042096	5.1391443117641735
3.564510882982887	3.638124226782117	4.764613110131023	3.6487883175234583
3.5642615790919843	4.86221829736295	3.60691783497555	3.667118446526236
3.5754017017288175	4.734523818757819	3.7314548587346326	3.8707680676893275
3.5699391062623262	3.995436937035384	3.817511119809876	3.8166692103832225
5.676035455329657	4.399132648082351	3.781065944945464	4.929273506195264
5.286969792726019	3.7395964106154778	3.7230563571310684	3.748012234617347
3.6409339804460643	3.9406427468510055	3.6550276445235053	4.592694368854792
3.839751329801318	3.5973366340921276	3.607368598159239	4.431424109677925
3.6418945019849933	4.661559001665542	4.124871006093232	4.1422016929849494
3.912799562851858	4.9469733022812115	3.922898199582731	4.4532646636315025
5.003147965099954	3.598199684823069	3.836466669237862	4.51766102606164
5.401777521205448	3.6708825793490383	4.1035237477005975	3.974863609413509
3.7621873452475216	3.6613937652089357	3.7913925408529225	3.6685486654853103
4.311661383635472	4.518679168797456	3.6172696749142523	3.8076907987936943
4.654445533015561	4.140523743426227	5.317928974101045	3.919532482720486
4.154810269019107	3.9563929914557048	4.199389975787833	4.391083039104346
4.204045941624748	3.6314547792505474	4.785746501475687	3.738003251116158
4.369378503079716	4.223870778265611	5.014775065801793	4.440175124754125
4.259426541422538	3.654058284894348	4.699365121440953	3.6476351532281557
3.70322246959062	3.6620048652181056	3.7700641947144096	4.629231629214549
5.2710232929855865	4.1261214181454005	3.626859000245938	3.780833481744444
4.734335604067806	4.291483021980393	3.8922225761749987	4.1540256797816575
3.7003509733083346	3.639050578593692	3.9159724664624957	5.069572594995035
3.8139189093222656	4.190936961893373	4.209446828335004	3.90377664978902
3.8428312931920763	3.6343721528519657	3.8145025302479323	3.91854694677195
3.851229835014226	4.650413907758756	4.652852847135552	3.6742370899743935
3.9399609395500477	4.193234951960454	3.664211598116736	4.08523350066319
4.375848504666036	3.7849139530936817	3.5835970238258374	4.018627660276837
4.910480799937179	3.6427914816593434	3.923509506049372	4.54773530697345
4.081751252332398	3.737382367489035	3.8251953449259837	3.6168366190662855
4.102240499175509	4.1188506160605	4.201837468035647	5.030572190872391
3.687327305243625	4.483054896827797	3.6677781260845825	3.782771858429091
4.281663086106208	4.466168067033319	3.5951700926512467	5.175862330903992
3.74032862747997	4.700397853319874	3.847969734276552	3.811394858390644
4.79232091724829	4.700397853319874	3.686344603624891	3.6347187077422825
4.2086266688334195	3.8210520851065413	4.415399996302137	4.641800703955825
3.678439604396171	4.086088587483765	4.173884669512281	4.028082691691343
3.874097319063163	3.626180261489595	5.620330237930249	3.894774922140539
3.995105564785077	5.530241121549832	3.922700815882491	3.9992459680380783
3.651558757440189	3.6826874259300566	4.454962341860289	4.339640962498654
3.666323516290041	3.61713182696115	4.727027759892888	3.6245332031760156
3.804761906104777	3.6991236234390286	4.930136869254821	4.120217871633673
4.055979010913724	3.6347952309835687	3.575728963727582	3.731967642741182
3.7842315766022825	3.8473371057480383	3.7844379642466284	4.03846954259731
4.4150571670902	3.581887750322801	3.6741941267373646	3.60434224465785
3.628445950236359	3.6056849506871207	4.811006647626543	3.735701651745659
4.904651794951419	3.9359257480624867	4.251942419398069	4.127725250721241
4.470867911792828	3.665099558281811	3.771517732369351	3.64913585076107
4.584257579397584	3.7344230911992082	3.6980191635556263	3.7671151113909005
4.353087630587198	4.001207721836657	4.5026611575347015	4.039576228362677
3.7082710506124172	3.701742822604043	3.822625685444499	3.6294961916055333
5.18682731471881	3.580048981153717	3.7464537428602287	4.602623496937069
4.215808221234725	3.9933868500557885	3.8852776263754603	5.207433627623259
3.583614222954788	4.066364217131855	4.2943103086859065	3.724525666605628
3.6123512250606966	4.159030320615965	4.235751168016097	4.069681227279672
6.216203144066723	3.6618349941714614	3.6396629520408217	5.011709220787132
4.234346355831563	3.7945471108843862	4.666819235939988	3.724083361256821
4.649045037229131	5.012443623694418	3.809861734240015	4.11385682354169
3.6744989623961266	3.5951019890801192	4.356354122692393	4.266833813518217
3.5803438902629576	4.260770104050099	4.067289580622571	3.59724499252521
3.7385409200957977	3.8287342248151592	4.136804664096465	3.8818275095074903
4.672464097852016	3.9874045337667425	4.040622441085201	3.6585930865954452
3.7102037858670447	3.9249624711028384	4.308232763527586	4.067001048010945
3.8417637678381933	4.575611529840472	3.8557400457185986	4.705734872923461
4.558113774958062	3.8353822025557474	4.453361749357356	3.7288076492409408
4.018326886344254	3.833106836285482	3.693111448486585	3.8315769183902413
4.070972069180079	3.7318018959260133	3.800660884612216	3.7931427137649414
4.969795379256521	3.793486326665318	4.106894185943676	4.1970489616880595
4.583965395008504	3.7229453449819143	5.232337912428808	4.090416562031661
3.606122823008323	3.690728392781635	4.75949173818687	4.268172533238124
3.6410431975836524	3.656327365589531	3.6948069491372215	3.6137022102458616
3.6297667699444323	4.136138867008195	3.6933347288528147	4.019429340999106
4.722499830387605	5.197279629294713	3.8414494711612552	3.651304878098279
3.865181079347897	4.141287109828917	4.193018935195788	3.911206581865862
3.7649125725767902	4.173794338274476	3.9321293840049583	3.6723949390136674
4.479114564522547	4.252446025349571	3.8642593883686445	4.278421376219699
3.859507529795269	3.810730761839891	3.93767539904988	3.7095125421922157
4.198439335758617	3.5938939611336025	3.840895411585615	3.988146532820132
4.437014516504208	3.917176959246091	4.242817318068002	5.335115621785635
3.7391589713535494	3.688860557825774	4.244206033416099	5.374304362229342
4.5572864951970535	3.7231667138079194	3.6532602747177605	3.604670875273894
5.011395463471061	3.613135767670786	3.6614078680806927	4.005387944364682
3.7209695672133516	4.086047369159014	5.667343969269767	3.737556316528481
3.918644901827908	3.67525978357954	3.624562153617313	4.920759864992722
3.9418928012046055	3.8612846654082613	5.768689934411934	5.057681575871422
3.9823637672292143	3.8249388469162553	3.60418249612695	3.653323191199239
4.632914418743057	3.9035098877527514	4.694125651830204	3.7563505526491894
3.645969074559624	3.8743473052833215	3.6428082479295876	3.8580248885693447
5.210279361043445	3.854702650842965	3.9706795996243196	3.9916839625936635
4.672672907845999	3.8741736964463236	4.202359055527917	3.9935563878211324
6.42378868119296	3.7645293882728437	3.7480230240871784	4.401382744935251
3.919015905608014	3.8761102361775306	3.8518965320514784	4.090022006957386
3.9811512233776574	4.060395164772263	3.872608260221624	4.0775264638858015
3.805035109318645	5.1105596317534125	3.589745979658121	3.6619637956547333
3.7064646126486274	4.0518312237608765	3.566012777927791	4.054663921031111
4.4807738190400785	3.812254563068278	4.628585449934839	3.607458410258563
3.842394470627002	4.8777705706118075	4.297024471847683	3.590368675491675
4.887540772385345	4.406391495643762	4.242840101532942	3.8042955188688343
3.5800971109013946	3.9637116781866433	4.131111299078157	3.954807069636713
3.768291788242758	4.2345685371699195	4.103988686132753	4.1716779509692685
3.793336378227076	3.7099934888088333	3.890538275714822	4.166685586824988
3.678729954513334	3.6868316838246096	4.429699224699957	4.540378056244391
3.719462557255569	4.6602626052975324	4.166093566010848	3.627722413586666
3.63341136502764	3.7679070975918956	3.8196653222612964	3.655126185885348
3.650841847149307	4.305165672821216	3.686091123858329	5.173752796388593
4.912975986810264	4.371233676807892	3.766815333346204	3.764438527711591
3.849602260607585	3.953689589702438	3.906702727189859	4.040501822051277
3.791648751253059	5.053926291781935	3.6021312219111676	3.7328163726164076
4.26446004806992	4.525561500662549	3.803593806773096	3.635416575474703
4.612444892151979	4.30409047481618	3.932527402002958	3.6807474899794665
3.618983741847407	4.139463506933877	3.7321547449978096	3.590750325705103
4.359028539760751	4.632571321076556	4.51244437634559	4.010747031943894
4.474256119365682	3.5751895328785777	5.89182924541098	3.6234444388307456
3.858509489857763	3.5830300026220616	4.579426575192038	5.28419968440462
5.367446478488832	3.5840676066758457	3.994540381524567	4.624875380669625
4.071050150505684	4.992107983594897	3.9294635764736237	3.6518427320585594
4.362325013663687	3.6971720793311933	3.6026817585815967	3.86912126891611
3.8003461857204917	3.890593043891932	3.5843943435805863	4.177556083011513
4.742811865312845	3.6081640407391076	3.575732726072656	4.062050311684027
3.702266088988913	3.576817254912407	4.038157498083713	4.036602086615797
4.069144353451468	3.6623205520333837	4.20199643502411	4.235458844220639
4.469462251173021	3.6238299689364375	4.145838058028359	3.856524165098346
3.7592419719403605	3.5820704465916067	3.7129791548635565	4.480729443484163
3.8808248562094567	5.148484779247302	4.543327759208977	3.770481465367844
6.005767298192206	4.057984796730219	4.056913205391874	3.6393926415955846
3.5799076663350524	3.7243508287274816	5.714452982657405	4.645615416250585
3.6565715966535746	4.028774729572314	3.830999013926252	4.252887248263531
3.692745878328945	4.426055139075427	3.691402838063285	3.804236304358785
3.854569779928208	3.765218043511943	3.62212678354836	3.967518482813228
3.732403042325891	5.967779314330709	5.435306212681364	4.1740346311179195
3.6073063079605396	3.885109484566237	4.139353804954079	4.423421016432954
3.8029711443838483	4.217703221290041	4.438643260118277	3.7113731573693816
4.142087468041406	4.036857776731521	3.6191000187795304	3.605365008697346
4.204050014244938	3.839472107491362	4.109177442283739	4.884721936171301
4.349364776025435	3.87671106843391	3.6653894352229424	3.6149521438198833
3.906435974852093	3.912815369430517	3.660443757090042	3.704108633007997
3.8721217137709902	6.128248010424367	3.586550099565614	4.489050188153237
3.6866815214351316	3.5974264171816492	3.723717265495104	4.0766703680236445
3.83236384116295	3.6262063995781846	4.126968482819315	4.379240156121659
4.130057935384738	3.74074346489862	4.858146110306014	4.527646364411973
3.674245655354122	3.7957877407745104	4.097648293109737	3.6223053288308353
3.78532221475705	4.514065920112789	3.912855136483936	3.6290694186263144
3.6610736347073973	3.6295623153882257	3.79569558473514	4.101229642152845
4.185026056699595	5.316184334747264	4.842072709613397	4.135929362509708
3.95767342716152	5.447058963168367	4.763722230042523	4.196678277627452
4.365011461810141	3.6584804914759173	3.7362950176617273	4.210788679900764
3.779268728822964	3.940555826266948	4.0645963774436495	3.793686564560074
4.8353410866368245	4.634796992243843	3.8860136114315855	3.6223360804231475
3.60118627478612	4.148432437585493	4.185643374705881	4.1536104292
3.9094584156506804	4.08823881083611	5.540943435466066	5.090844285963085
3.8925842181573227	3.8094337903705235	4.87532286811257	3.6229718802449646
3.917878365327767	3.9679230391737974	3.6169782703725613	4.400063711983562
3.8684161353228315	3.7426420014880266	3.8857603923651056	3.854364081175781
3.9867301110884794	4.393117078514515	3.81974112686553	5.07560525777246
4.079465694278662	4.033633703141226	4.147094916259623	5.068868690945443
3.652109738931596	3.704520093340948	4.277548470044246	3.7077451127724355
3.873927314696953	4.059267575534588	3.8912986819382303	4.789884235908575
3.7593324646727626	3.788252998036401	4.920966106298129	4.849719597920103
4.424851338870173	4.016633327081971	4.1631528452992335	3.6306840714901654
4.253751029820933	3.841293000895644	3.6591353838592267	3.976350889193617
3.773812680305525	5.1925582555394865	3.641784733973002	3.601785019148835
4.439171262311018	3.6601954970878356	3.619215559909499	3.718297660074043
4.384851261378778	5.408813633107334	3.6484796578756513	4.5628076482164115
4.159729528251285	5.1702256273055385	3.9742004699175086	4.052706750204106
3.5783109257719192	3.648844602924149	3.591582754975704	4.015296969527178
4.791198213914615	3.96248927332426	3.580111194560457	3.6276562446366407
3.6374602082886174	4.019804867434665	4.506538024872764	3.758361410465873
4.160669079991215	5.6768814409894235	4.700857158769379	3.640092508819754
3.6895634728238162	4.278584686932806	3.9156050610822843	3.6669337987688406
4.046046992565884	4.209640348589065	4.448457218038931	3.694010294554946
3.911034891028962	3.909802752547398	3.978772491950751	3.585292577933265
4.369060239898076	4.070411741846634	3.7131769446369387	3.8727084601306845
4.5489631313897245	4.727014485154185	3.8402770419838355	3.815828837947003
3.733593207189526	4.6518123432525265	4.898638198301281	4.122206783769855
4.935760390900383	3.726110986557822	3.7478396008912127	3.9901139271738884
4.2825457881521665	3.6038785283416144	4.335899098624076	5.051745381013438
3.7073710434763374	4.830980382034213	4.201007150028863	3.977858047017982
3.640332298029338	4.953153081552992	4.180153272191248	3.877505402760509
3.649890422112338	4.025524269012157	3.7414654121354554	4.5162875830457345
3.835189574886347	3.8240331139877966	3.6133594901790467	4.736556057110771
4.206937062031852	5.179579797092384	3.6684586241607104	4.408139305053526
3.925593218360749	4.9354887987534095	3.8382541617206813	4.700466700463509
3.9559220358208265	3.6112426648925133	3.906871968362565	4.9570944571612054
5.451948085690631	4.760658252779057	3.9439490824174155	3.8169665629177016
5.096660615676679	4.172763878219801	3.6767506589554677	3.9488771362745543
3.7691578020449006	3.8212097574532495	3.7773507749185464	4.675024669344968
4.066113427358032	4.064162024898585	3.9803839619259556	3.9579932093840227
4.154888650679813	3.7858969138732435	4.576498969838908	4.697018162480578
3.793156492407089	4.137648269053546	3.9389099471827302	3.8390774357454953
3.7493795987742833	3.632189997568537	4.330314089933184	4.590686769864632
3.761854579945611	3.9235222745499283	3.8473289620619746	3.6848421891238843
5.251536491377108	3.9315150566890633	3.8257613764697402	3.5549499518595793
3.5598235482863663	4.904042021569378	3.7594751933957444	3.7023780192338167
3.561253030376769	3.6253506386782117	3.999348944136766	3.6377151799944407
3.5625950848506576	4.302586273150677	4.5467922922579325	5.0348513012639575
3.5586183174405166	4.760300921310716	3.731428349695464	6.1976948017265
5.313472845142769	4.48474966188219	3.76264464911895	3.577929441719471
4.409712789293818	6.285649833754341	4.072932141711833	3.7678091897009494
5.942427638481204	3.5593246578768687	4.184533127610484	4.177351129709999
3.6119136793425546	3.556289576495808	3.937399201455672	3.9816465769817837
3.774719918273078	4.3701276776778855	3.88366048337513	4.446828230187093
3.732292801447674	3.777082810067132	5.029402360044245	5.347200213770458
3.622909891000454	3.759790043118228	3.6892511769958825	4.195598471555259
4.048250208391227	5.4169631976743995	4.728630777604493	3.736194791329969
3.5967607750833817	3.696231812841095	4.199331893688379	4.071009131054712
3.6490225788109836	4.025148008467793	3.7160369389833328	5.061218563337818
4.506405746438947	5.316037765503597	3.6232598750550995	3.652134280138772
4.153188837551056	3.705911459498294	3.799493932417157	4.024385101816168
5.285840618116518	3.8547386392636627	3.8622841383666597	4.50505013041386
3.6864133620654838	3.660285411736191	3.9305412132564284	4.313159579471256
5.2488605902745755	3.9179325218752057	3.900842226834679	5.232697322445398
3.6753013013634974	4.860849716996658	4.241387602789398	3.930072613342004
4.656943320037531	4.0069823557723385	4.178287507109477	5.390376354003114
4.354880271585813	4.522704463127853	3.5659680963274676	4.383713622783042
3.606180727403654	4.482023651798609	3.637250283920892	4.549749603585054
3.577006107517022	3.9428005875658547	4.703245175479509	4.580528377497796
3.576360403993996	3.7048756181421933	3.725543894806806	5.219746973164563
3.604754914245238	3.6987250178976647	4.198119294701083	4.064514463980304
3.888535703744651	3.817633815931247	4.247115114796266	4.210863323174621
5.204271489728178	5.17904466227483	3.609887953009671	3.8791533231160065
3.6416703662457763	3.7388628111921243	5.106232542993146	4.10285116689647
3.7743238282643796	4.051741574098177	4.107641657254853	3.7522658538488987
3.6636476836778664	4.284848874215337	4.449518223078944	4.476146851522554
3.581857924691239	3.712398709370138	3.798135379135267	4.312541346649378
3.5855836384229027	4.408389575316267	4.348210911299238	4.422238742926853
3.599081060577441	3.803826376911828	3.781285005784068	5.628437878912667
3.5596842771205597	4.379224701680252	4.7726991289008245	3.6381478504576203
4.397330599832135	3.988887201490088	4.6752618262549	3.8039003764722294
3.6573803442851465	4.76337297775976	3.758410780985385	4.879984365832868
4.216089482388133	3.6693192475172904	3.759934751759734	4.638553228470434
4.762403131394375	6.324910289909021	4.012604685487216	3.7835486345034894
3.829110836778498	3.688393363360689	4.4388682227573355	4.235830964608552
3.661159497795814	3.7928908659000653	4.569702694434074	3.9566322819325954
3.6322902946588504	4.415597793505473	3.6203736189050115	3.893854223181136
3.762514513223792	3.9292268559010504	3.5819645535462072	3.866374743823544
4.001755894040385	4.722195315416619	5.261535915828406	3.968089657359924
3.647530255547648	3.6344592269351157	4.390401302714841	3.7706842749372704
4.465083687125861	4.336132661198831	4.568239541791979	3.6711691471792776
3.791850020876215	3.698979336800938	3.8180168876467433	4.289758572032763
4.062000660659383	4.914582710513786	3.7656463743352875	3.7702075715404835
4.753955001627412	3.7976137336244404	4.144781615510663	5.623676573487453
3.7488700590703057	4.682049382518597	4.267584382902831	3.705096656322703
3.6638079632505525	3.9438750004822927	4.87923023345242	3.6099988220195733
3.6350105286950654	3.9368646982068647	3.7151411106848427	5.445479249284333
5.779349466576077	3.8777873827399056	3.78823029587385	4.638511614325111
4.673293981127867	3.8321732985930796	3.897729777125173	4.214920055199142
4.1049392455901605	5.030690921152614	4.718792587391608	3.9269051498211036
3.894772067122653	3.7403080912536755	4.09863021465773	4.614016430400324
4.000447234810507	3.719653232942391	3.7064245944728578	4.483467165895595
3.9578860447254858	3.8286025814118334	3.9957945928693555	5.166127212529703
3.668395256514145	3.6712153820042577	3.8690574030589273	4.791936916670959
3.6134333896961746	3.7644337940496717	3.762961680527643	4.149525455742772
4.991016552301396	3.6273673817985133	4.165850350448258	4.383102874602634
4.594473217949305	4.932112585083839	3.8914137777249187	3.728428312654715
4.035367282780227	3.630373996825501	3.8493547520960973	4.871156562503098
4.761558409800093	3.75708979978692	3.820980458760151	4.681632870127436
3.7272011158269986	4.829252963042997	4.8043363201012586	4.23394920583573
3.842955693367606	4.283549286834604	5.026872166039903	3.7268701819908
3.721762731767287	3.660049681839298	4.650845793437634	4.348250905712171
4.432206219416565	3.5796719314959144	3.5803199495996134	4.27577428956773
4.407212945908304	4.648058820220456	3.7482457376094174	4.6111118049844455
4.500395202783421	3.665419487703313	3.796425431888272	3.928606527918446
4.078076907028993	3.600472631514919	3.7988056182584953	3.7455661235486937
3.820624377672809	3.60948601666393	3.799461612588372	4.337437885835624
4.23784779055287	3.603459426061102	3.870231308415544	5.088097402742774
4.047991160390745	3.6007592952441883	3.929492216877713	4.901471951241826
3.788848114145187	3.8227935836611926	4.298803420178663	3.8030215451619718
4.4342814695878445	3.6326569328491907	4.025262158450031	3.8241616594983228
4.018697519332971	4.520796842871782	3.7176315333765984	3.8466536780862706
4.343349665867118	5.280641201338428	3.73507314264482	4.2789061166048015
3.7854507444492977	3.5983958662227815	4.315795394856117	3.591911241271469
4.13794729908532	3.7042720315239337	3.604962181882883	4.067330469200721
3.9787359890045297	3.592296718700382	4.846788632817564	4.004366028515895
4.037139955678023	3.5899809904794013	4.946366229476929	4.649165366628506
3.7959781834904818	3.5905859861836458	4.773998708409603	4.0394909264299415
4.5439483724638166	4.348403830562141	4.732839730453741	3.914209585242504
4.334943136149685	3.667631517786099	4.27693574561967	4.297545925259499
3.8739711556892353	3.6372687328183666	3.783687697328193	4.2886288209654
4.0306034913218936	4.3080477134203266	4.152532766896142	4.090590657643065
4.19551439362906	3.952209234214286	5.394854657863823	4.0497726826469655
3.609665263970586	4.714515606305327	3.6216176809876774	3.6324400000064676
3.946575977908315	3.8048819993095395	4.7179109439716616	3.6238391681829354
4.5289050581461225	4.179686560729954	3.5659015687665625	3.6497847099576606
5.335035439419228	4.618502541160369	3.5637855291114957	3.644752397665466
4.244485385034148	4.277450905983646	3.6481928150348253	5.873457848736022
4.0248735012055805	3.8949223039117102	3.926382803046602	5.038519005249168
3.632054134375833	3.893974765973148	3.9387214207088945	3.6000965370062676
4.143596428096309	4.819022144383859	3.6315345575775053	3.724358236996207
4.009476922559988	4.6195252712773565	3.8677275314668984	5.6376628517911
5.125328490715542	3.6198057469580194	4.246209787728251	4.916080625493634
4.4967996712970315	3.61603587862007	4.053941281334905	3.609472581951819
5.007613446185657	3.700081752213925	3.660231781260747	4.849515619822988
4.1684807363929455	4.180667899982019	4.512215905219736	4.10457155071287
3.665995875042554	4.730057264781529	3.855740463539295	3.6051566402552315
4.488230546479819	3.9706595520117784	4.201439662680426	3.5628540380412037
4.646682473864387	3.7115130102157643	5.09903027813321	3.5757900622026284
3.7802674692857776	4.219783139898407	4.850770128293489	3.5839020132006345
3.890810101363595	4.2370096051420365	4.228019845500467	3.6139447399073843
4.230895376484258	3.8630674112272914	3.9690394282228247	5.2052896620166385
4.018942592417264	3.609533099088448	4.00454447341286	3.566125890195263
4.783301849501989	4.150854565332249	4.072757875795329	3.591568478777149
3.636292533108618	4.46776981943321	4.666965208208379	3.696277468804369
5.252644947400176	3.8948513769951973	4.174696060504604	3.608050358242652
3.9799914316337874	3.7692292071355533	4.571387179546154	4.769549604118412
4.323606499695278	3.6993986905874414	3.8317686304237633	4.065341732869944
5.117775917490193	5.228843590047538	3.7869645619908163	3.8325214191593524
5.132666528304838	3.9891801588077036	3.7826821623649365	3.9858689050712237
4.821014532798187	4.43707548828306	4.253079068204132	3.5785762824296894
4.4030043512641415	3.58363567331371	4.005097466626844	4.423925556290943
3.5857688217891734	3.5753947957009027	4.104567319201541	4.726856618620704
3.590456622255032	3.5961824450970856	4.605705808603906	3.7801565929395404
4.494681803181958	5.248441573619186	3.7010937822446017	5.428833202930954
3.590749310247745	6.534490237539119	4.634638929703312	4.022618364118116
3.779602110219157	4.550312832313207	3.7383840876043535	3.7070113404474787
3.8997357329858926	3.656239453955652	3.8840284793956803	4.704638155185546
3.991709147791775	3.6311652146797417	3.6582203307977696	3.844776548006532
4.872583094959449	3.5977272499243105	3.8896702714244658	3.7982531244369118
3.8859605893426945	3.5915474385699033	3.8177697369638404	3.8629450043454874
4.202446128882929	3.6531176302521566	3.730279950498	3.6547601932025886
3.6458748723772767	3.586280050077521	3.630052225998122	4.670567159479775
3.660972442325098	3.5832945899873594	3.6221199233594876	5.394801480213822
4.2173385333337805	3.667362596124012	3.5940503203195746	3.8243923771572073
3.749456473933027	3.7992663972650864	5.317786355510114	3.7977475253946222
3.6874391349340745	3.837731232717688	3.7986393157894423	4.104913378837284
3.6467851762860533	4.038508028669252	4.7480927563306325	3.865992325551805
3.967866674745527	3.5666128405282373	4.762927653910748	4.646593397072234
3.8138754726781503	3.630606885899871	5.017625530955995	3.845295689982133
4.110467530050896	3.61006047892117	4.3866124287893555	3.627507330526738
3.6850809831368556	3.7122187155824573	4.1805706598818295	3.60751911615096
3.97141389675752	3.6761095160183035	4.16159712339905	3.606962886906578
4.281170883239639	4.750495543873846	3.7510598481301063	4.6081121637983005
3.9416913092899333	3.7699933528316802	4.623062421178869	3.835383432650191
3.9304207606289783	3.7052519823237473	3.6725037495728845	3.595256979768565
3.591288048717352	4.262763686192761	5.609738708419193	3.9362879611330466
3.770409908903222	3.696963100927423	4.051556570095124	4.245174198843928
4.160724382432956	4.330946270445629	5.256156496824222	4.280716433162654
3.7924414384910503	4.151743301971892	4.045316340294837	4.0814338437161535
3.871336366371013	3.8791059331703335	4.219063585817165	4.214176989703704
3.990054481715608	4.000715583814635	3.919779472965109	4.263942987861074
4.847281130012242	4.299001798042836	4.482471237149837	5.58247904472788
3.912545942170929	4.154955619647844	3.6918235939624457	5.658570334469631
3.6695364085562727	3.6936380642001136	4.896311239762385	3.7344108807432623
4.1393231726252155	3.606085052342695	3.717197775830081	3.6675836491876304
3.7357277633243697	3.7244086055441077	3.955013597198461	5.796812429632494
6.100210480029792	4.364549008116055	3.5863155273288543	3.6628174246029275
5.8382220145253445	3.696833321887445	3.6379237172475882	5.45568276901485
5.8960983900394766	4.0530962805314585	3.6373039263817986	3.789145364492605
3.6121660653242387	5.724785235683496	3.6129329852010756	4.6270965867134874
3.726979917608973	3.6139152101040244	4.021321533665466	3.711565489992683
3.7071584765469248	3.6223068498840703	4.245338430372159	4.162037789938353
3.5586486121466203	5.375955415819376	3.8118351437801126	4.714100237283116
3.570599690518096	3.7858140784485856	5.500701837328	3.7925881471576925
3.5571635323139112	3.6816421088206166	3.727978375071644	4.898168971594185
4.3160049058145615	4.120495062374529	3.9939781644560592	3.6189388712600623
4.28234116679906	4.133628548804625	4.26302595198604	3.5950746429025227
4.2320050173508195	3.609578223613501	4.173767103863079	3.645175551639197
4.362272246815359	4.922458837935126	3.709214890576753	4.004688382516633
3.635455076252517	3.596219482546024	3.820747706137498	3.733459569263256
4.440320080063005	4.556586983908327	4.968594742373974	3.688407038448749
3.644290323669869	3.8627402685318586	3.6484504332858476	4.918648960312431
3.6762800520676966	3.626017204845726	4.636775682872342	4.007142166840407
3.6589149860555557	3.7258760681316	3.6980885763294467	5.2181847918293105
3.5980046731783406	5.381660979661787	4.4668217153574865	4.451166937775654
4.342876679514346	3.927481918223612	3.6405727044240055	3.6878287827467
5.823157849582207	4.502113003217961	4.934981224699895	3.7834142790766063
3.633529391439118	4.632943517576431	3.633060486810999	3.586232637233169
3.7849948577749606	4.027303628001106	4.9980930258244625	3.7056420484446226
3.809942735758142	5.074899169336512	4.0612746722157045	3.9138275643988587
4.112866586157658	3.751046549705388	3.653253912833843	4.214321473272507
3.5959186961264127	3.988169287822936	3.644175929672015	4.297945150305969
3.8691926410273503	4.098273486546644	5.008589491156127	3.800215741562981
3.8763524233664066	4.595379568346477	5.102814822278763	3.6578404061001883
3.621684990375154	5.066220394223723	5.293790598585259	3.5860808708285004
3.674943707311892	3.6850049780026395	3.7168620134597683	3.584001536631133
5.516230379805672	3.6773414141038776	4.940339189703485	4.518007366417351
4.586029584570522	4.567903185101026	4.6920358471220664	3.5662450337557363
5.085324695354555	4.0947180598301465	4.02148511357333	5.173398746971534
3.6579151523297124	3.566044350079096	4.2146691689320335	3.6465920100141616
4.446142483130629	3.563855102319065	4.157303114287982	4.050993437157187
4.474181369351504	3.578335596936827	4.017901420813573	3.7827297929076487
3.7824937431710306	3.5726230487112756	4.316683196263093	3.5846327354461476
4.248299769963182	5.283499642978656	4.1066598340435885	3.705383589108502
3.598153961283146	5.398132520513885	3.7227427541823426	3.6322668823314723
3.681029658119489	5.8847039874797265	3.900898819204512	5.140460574522608
6.164912773486856	3.6768780839885307	4.159521414754443	3.5993171933801316
5.2952915750937315	3.7955335996681794	3.905514417384516	3.59810728176902
5.795388970336358	3.7386090159295353	4.974857866599648	3.5887960539344284
4.567872705038717	3.7730807165358784	3.769859558710176	3.775447008477063
5.056911381704868	3.9242486062130135	4.1494236242498514	4.642572981154755
3.59639428971982	4.189598800168851	4.221509675784623	4.107946444264753
3.797705456442248	3.9536193144967258	4.003720694848644	4.173582211634643
3.869997839241461	4.481649111893342	3.691638501772423	4.17383745415127
3.6084272994830147	3.719720325797803	3.755430755219793	3.768595352551562
3.8793917267004225	4.10035503589328	3.6891254286409474	5.03806174956431
4.620795714868117	3.9113746496072603	4.64168685659974	3.729823492886604
4.444609224824653	3.7998642546511068	4.297475484023756	3.782688505377152
4.047988519111997	4.086241156228673	3.6252962058967877	3.655365402575747
3.583536702054095	4.838991651503432	4.965222957588613	4.757025036093396
4.039136638338884	3.7889889513815733	3.6370893100554293	3.6254115151100414
4.173095377299772	4.645181608859698	3.972627945714066	3.725327038269069
3.7001725380084527	4.82582436057157	4.490030965269517	4.549776137884465
4.387928700418016	3.5860210682332685	3.7094752421665453	4.166312966251612
3.7532525971063952	3.723619243047654	4.001949963157077	3.9740660663300567
4.529094274121479	3.8310204363224054	4.211292748169378	4.767177286805314
4.086096513609076	3.5834097364325386	4.1016752542517905	3.776991475010033
4.028317916142365	4.403696567329462	3.7895402519272645	4.441660361678913
3.973812036052202	3.952249579805215	3.984899967545508	3.6854245459594486
3.6286038648175136	3.8121577183931397	4.859843963792896	3.7169451057650518
4.634828122068942	4.315707411616171	3.6316200572882407	3.994875374949589
4.204344275711441	4.218629373484447	4.797525440068462	4.227610809637348
4.407846974712465	4.6540587609366755	3.58556561191451	3.6184589631727517
4.251299314514636	3.7564409825644156	3.658964520435466	3.834456136026333
4.092290610014511	4.96698866237941	5.797780848187427	3.8962061757010815
5.514783142483766	4.425689895754495	4.434282741850392	4.061111397609656
3.584507297493855	3.5621032432887945	3.7916982740216327	3.578319556223886
3.5916253187586746	3.616347341719181	4.286134895204858	3.607314403475757
3.5971630025547006	3.6898826212760927	5.308321359579326	5.039880981359385
5.207044051045699	3.6901304843146154	3.7338558889184066	5.495379901148797
3.617397121191392	3.7366528035930857	4.618990507746521	4.732636484970987
4.524061294231602	3.8615689795821	4.281079750820761	3.850397439832121
3.730231295184062	3.6315789211718035	4.401954761900415	4.346638246839893
3.650912151035955	3.66907432141084	3.797060749040496	5.161852667451312
3.5929119679635493	3.739127653523498	4.113465730877205	3.6280806964816703
5.295083714654525	3.8009561381982655	3.721335791806398	3.7855740217636673
4.684459870037672	3.9247507853340133	3.7242203774133262	3.7587751864190664
3.8214168141890044	5.483320664973015	3.9049079704065517	3.7278320146414226
4.158831654632364	3.6803715540643753	3.910653316995897	3.673422565105255
4.4746098185019445	3.656887450152806	4.1627431748893695	3.829018979937677
4.38242451005714	3.9230297012371063	3.7212272804776405	3.8248568276104598
3.9699789959764775	5.07421411471532	4.916626751177917	5.095607228292817
4.088915880912257	5.199778415756008	5.389143601935626	3.7771791796672125
3.693169588212795	3.907936680001898	5.533601956766597	3.676438271572151
3.6392142570083412	3.6928339998443214	4.31863671281102	4.113764595723119
4.625766328266271	3.766961075785928	3.666417124513602	4.107151439720166
3.6476186560723973	4.101225949902652	3.6948589618666285	3.6660217313668477
3.7026541711479464	4.037633326236512	4.759126094287218	3.6932421323277334
4.27727651500118	4.1268500641742465	3.6718427775625306	3.8290765668873017
5.150232299932955	3.8596633022931255	3.640511086940417	5.062226009825913
3.630973159420998	3.7170395850995637	3.946642244206649	3.7053775653353274
3.886036726181217	3.626254337250706	3.7220564602694957	4.251133685505666
3.7273915734031178	4.73005052397341	3.6234010054305643	3.7574089947982388
3.852563259653122	3.6915447562220502	4.229645040027978	3.732228295202307
3.8248096632821094	3.6355878812254763	3.761912011548073	3.8757221623492635
3.6553670271135186	3.9831885692610003	3.9715479629893102	4.387674475895282
4.139495475593366	3.7073868786378767	4.18382946651329	4.0076980621930804
3.9447822366338143	4.006719544914819	5.728559444254209	3.771497693146568
4.902040728760713	4.632320122718111	3.72294227959755	4.889687636559819
3.665241793704417	3.646405221031271	4.646530537528668	3.8176475193790456
4.167415647691887	4.515015479418732	4.598209457694641	3.700575038477808
4.28860582270657	3.6631662997385397	3.692212218616267	5.326396428949446
4.296729901389405	4.647216947990569	4.958839967044366	3.643062745852675
5.087430170393471	3.752362127470394	5.193525618565641	3.5864993534868157
3.9540800924062562	4.079615217202786	4.64982601222049	4.66588746472655
3.8638325160664206	3.787708638061473	3.6970883928187694	3.7148659557162746
3.708564469509664	3.954677104255704	4.844532368957694	3.735496304567537
3.78002387444599	4.394189384467654	3.9780965139030906	3.9986176684026233
4.09055737841315	4.20617859770389	3.5707485910667494	3.8024052906725077
5.208648003462926	3.5641783824084574	3.5751144390839804	3.7031827313950476
3.6632061834791045	3.563114140007409	3.624151465356028	3.8202986421532663
4.206557932239225	3.56010976441557	5.270436312027246	3.7811401930168036
3.757872511161912	4.240619433153784	3.5692250181898855	3.85583105257094
4.321719420997542	3.866419008910103	3.5648681302467637	3.8724449009726585
3.7434472651867026	3.6534629878481057	3.576475066837867	4.895649235442091
3.7744871720950797	4.533183213169801	3.5698240561738412	5.753035895025598
5.009572250214077	4.4578291768392635	5.41145975132537	3.629268039852901
4.686408754134615	5.292880889384184	4.606987149525031	4.9964705033979815
4.55231491270072	4.597021864876048	3.8829543619546767	4.6293506977777525
3.636323797490391	3.6979699268296966	4.040953670484856	3.857071269272786
3.5895171008099718	3.7278618008253135	3.678468680025395	4.312367397181644
3.5987540001502114	5.116642213131841	3.6774001309638438	4.101362994246715
4.519351950067794	3.685697747317062	3.8769453816825683	3.9536745211934363
3.5752745078326567	3.7626127498337625	3.7953701965006967	3.664515897299367
3.625883177179187	4.063735790377774	4.325082788008453	3.6526320378494836
3.8958118090163856	3.760282622365308	3.7577850040983045	3.8164281747989515
4.63740038073778	5.26594104151422	3.6382132617881067	4.255479281268331
3.610900256645778	5.793997795995338	3.809066145199413	4.933822082963994
4.979552862219849	4.275397164904163	3.838911653703497	3.570611312111833
5.231659183479967	4.292069400266269	4.49830985636132	3.57899947633589
3.9629617030851634	4.230089434409684	3.756108693408537	3.5870458717966147
3.742740189653629	4.569901699043366	3.7518403308926263	3.572150338371909
3.8322007252478336	3.6673534710712206	4.354489988991169	3.574699174948965
3.8524057814926227	3.6373021924981876	3.630741880360296	3.6177081536190983
3.7186295840222083	4.725771373595257	4.647907950364488	3.568545763833131
3.763038245144344	4.822143318523208	4.081210580711275	3.722959705556274
5.514550082064956	4.46900841532182	5.019184786551821	3.645372165663291
6.117335441459287	3.673830297193051	4.478759665220697	3.710410385539816
3.6188634961576285	3.686430854837524	3.6446614335568803	4.027687263337573
3.7417551138645395	3.651564990949266	3.933403975248833	3.8483492574230076
3.8759402516970867	3.840980064531641	3.657131537230973	3.605006495099187
4.401192373121027	3.572946618337915	3.6411565530733556	3.8393715286413816
4.1979729848160465	4.1652931982507075	3.663308452270808	3.754195398467976
3.623132292346817	3.913437305027322	4.619234585495469	4.534915937862438
4.275667075157627	4.55083779943402	3.84759067636269	4.532543863577734
3.8090153656181283	4.0429130932963195	3.6795979141516337	4.003666112771706
4.426866399839497	3.96834103713412	3.6667920479152007	4.198983613771053
3.7897381093989995	4.181667272349902	3.611522911094602	4.738009079511877
4.474875564997858	3.6334428845187348	4.918168944287922	3.8881839955191757
4.003262153373714	4.0459501501574335	3.9791649624965455	5.734524854675113
4.577253456682455	4.500787200094867	3.9779519054398396	3.7208310202110053
4.3015293495883355	3.5802415997333346	3.8409027586645093	4.368902629831195
3.795330039199658	3.8023981628320973	4.373653518543047	3.7349829862425628
4.070747838854013	4.249230028278739	3.6365178892079664	5.529142905280949
3.659618153082957	3.953575472347801	4.110405254289468	5.0632012413362775
4.3953263777428875	3.621051590976921	4.003052083842618	4.995545178351
4.467201906965123	4.57180961909537	4.233610169194971	4.776670400610641
3.8790152651692344	3.6718703090583746	5.324127996300587	5.507367200592678
4.0118070993153205	5.412308525510616	3.713391670199622	5.595425937090847
3.9877848618298826	3.8027427695607807	5.385676577869424	3.6373919353687567
