3.594755365975782
3.6124677225462407
3.6000648885413438
3.5772312882411668
3.5764907901108276
3.6265434235912046
3.5905935267522535
3.6167725266908644
3.6563686792384518
3.721975931815783
4.1645113669882505
3.977695697890558
3.6263563598694177
3.6439092322061155
3.730161681074841
3.742229765244546
3.5918302159157065
3.64132448993293
3.579482931572107
3.7543924501404593
3.7425507364548016
4.101058689052737
3.866376615433075
3.9599140745354076
3.61630116787115
3.632169975567108
3.614337785008976
3.5741293963506116
3.560899904259779
3.557547624912079
3.6064342315372118
3.6599081894098737
3.6083866415277748
3.6321552904546532
3.745195336216482
3.5895759099459665
3.593968724861796
3.6211998690208445
3.6100820930760706
3.616722932560741
3.5867402165643414
3.5862153846899396
3.6552271682692052
3.6302084265809618
3.6270263507840257
3.599442770056913
3.6078842740535806
3.557286970890904
3.584696986867299
3.578657175919469
3.607184840501665
3.5708597625703113
3.7039109794626253
3.7073788089756463
3.6690831463020475
5.958222875274214
3.6580660369209497
3.6580660369209497
3.676164173083523
3.863682183903958
3.9244491520578144
4.125653465269654
4.209094625544956
3.8502072411938633
3.8683324516042386
4.1814754303222275
3.688877421701666
3.725708996798315
3.75117646262604
4.308296437825689
3.6487970711864257
3.641721262564984
3.670117325162427
3.7228106724533028
3.7228106724533028
3.6121257714027273
3.5982707510124987
3.7967633756034864
4.439515082445823
4.426897540728691
3.5553725286458837
5.892931915634401
3.5868079164242404
3.667879424491294
3.565150228940608
3.5522768776866784
3.6261078022220867
3.91668801278639
4.333121525524987
4.992713993391366
4.992713993391366
3.765138497330634
3.886100043664036
3.625623499629991
3.572721640356115
3.690750946832419
3.5808197166086164
3.6045240216719017
3.578102710013933
3.7287081913535687
3.762336833218305
3.6725959962077193
3.710422834053686
3.5770039540240397
3.5879021770102293
3.713885082594265
3.593258266020647
3.5768239835049624
3.57769446235882
3.6929181406778304
3.7082345633575664
3.6416137077326844
3.635983064849771
3.891786053650761
3.569209460136979
3.5844410042868136
3.5844410042868136
4.21806659732548
4.325941497657081
3.6798785408394785
3.6463515917749003
4.591307552063032
3.72577257358239
4.904828709350276
4.904828709350276
4.56006654939751
3.5412193403063683
3.5412193403063683
3.5914083351210078
3.6451971406057666
3.6867385788957963
3.5943004171811612
3.6921949254420294
3.7680247956967046
3.8181580790929672
3.7440821659502106
3.9575623305165837
3.7358881060597025
3.6251149572744055
3.547779075971997
3.634677496639633
3.5708383195900466
3.6467002409237317
3.5497525192123374
3.961590527485999
3.7443755956354923
3.7443755956354923
3.9399511079724054
3.620312252011555
3.620312252011555
3.580929924484143
3.580929924484143
3.580929924484143
3.7018181219947692
3.7018181219947692
3.623412746683372
3.6981334193067874
3.581884389017249
3.543964887330692
3.91540530373331
3.5564228348591174
3.5564228348591174
4.597057182754576
4.597057182754576
3.646904665865175
4.91575580788182
3.626567531550176
3.6522373460118294
3.6086757868893695
3.598342138826666
3.6748530151164296
3.6199087227320987
3.7169478602369685
3.607410479229591
4.994507471892269
3.568063311741612
3.5699572136301523
3.6354375819590343
3.6085340723426564
3.639507894641
3.5792549885800287
3.565876734027314
3.597516374688746
3.611751763875194
3.6532836457257147
3.6021151291570765
3.6345878670745124
3.60561752981172
3.6475301505800797
3.669477360066492
3.6538479096898175
3.59195251204497
3.594395138000103
3.6238610570687344
3.5811719557494204
3.5581555118733585
3.605803390605689
3.603136577176219
3.8556129012934868
3.583103476880561
3.590795706038337
3.604864745614761
3.5880959439128564
3.6036748984306635
3.621640971153199
3.6100632474056327
3.621019894687979
3.5964676725448963
3.624344608753695
3.605416404135245
3.648392369942087
3.6122060451654274
3.641240653851806
3.595679640448685
3.5814096607171537
3.776050395254876
3.668046922764043
3.668046922764043
3.578850439436158
3.5681050745419154
3.558884120069987
3.5660626958017674
3.5860116995359155
3.6208402316318367
3.583504864793163
3.6256297862561295
3.5919116508995734
3.5790718739035667
3.5945753732222587
3.694589463559568
3.61588713654883
3.5837089694413353
3.599736112045469
3.616419182921617
3.6670247619102865
3.5718644729708133
3.571600866784367
3.5658413303311365
3.561695845535705
3.5821677331816413
3.7221077540522765
3.582953918324888
3.5978969960357747
3.6048744055773954
3.6578702225233464
3.6578702225233464
4.003919065426857
4.0129130872423815
3.5976243355823994
3.90183604319932
3.7585321852128533
3.6086699577710006
3.595252121696449
3.56425992147245
3.5577376696115373
3.566189154988313
3.640094774123024
3.671389190320571
3.6162849361609264
3.5759021104033955
3.642714774319524
3.5610229748087714
3.64495056490617
3.7250653164853995
3.5805520373064
3.569910626674823
3.5718378740973398
3.572373149624192
3.5805258635632526
4.040183032599373
3.8831888940446984
3.8175969381041233
3.6159598440839824
3.671866418746566
3.6499564327942204
3.6034377097084334
3.6691092733358865
3.614599807398644
3.624131887279174
3.6624250666161506
3.598288994621481
3.5896337680483796
3.6358121975428506
3.6443147127815667
3.578401908019349
3.5937476514260673
3.5929664472184113
3.6517746126448265
3.731665657252889
3.6407921793328057
3.674666153226799
3.6245998771433285
4.063208289696222
3.627916925991629
3.6328108420405347
3.6328108420405347
3.6932859408161467
3.6177368475158724
3.8141665413072463
4.6526509389583754
4.172820423219911
4.3864328770034025
3.5938164864975315
3.8102597259531734
4.015068989274351
3.719325816153375
3.9743869506991834
5.170116536387209
3.731870044468555
3.731870044468555
4.7674555229115665
3.645084762625955
3.580872170062171
3.5994521503665853
3.587389422819328
3.5893834070340187
3.541380888623504
3.563639384939414
3.5685926626114095
3.559059340114538
3.560299368137441
3.559610156295127
3.564768086589049
3.5537898466547997
3.559012762457412
3.5594798197911324
3.559941449993998
3.560330186911647
3.5622945922915923
3.556028532487605
3.524621168512164
3.526940816935584
3.5665480382891213
3.5811539986229377
3.692020405322504
3.6396248723509874
3.6236704387598695
3.59310766857143
3.752167741236781
3.6744384119711793
3.66585624778876
3.667695284867965
3.9564950009743525
3.5870473631532906
3.6375305182321718
3.6051982879277986
3.616354185344931
3.6190463708166325
3.756735520866504
3.616036063022669
3.5899050095262863
3.5927491104766545
3.618025816999933
3.5815026654270357
3.5804083935748974
3.5805769665062295
3.5931401714930944
3.594446704859421
3.585464952847482
3.58992035327138
3.6282620505564296
3.8911688865311875
3.6015012648034466
3.5586985768248645
3.5986875107632943
3.6637048178299976
3.5822537877644174
3.5760625663606183
3.61802753008294
3.6596693157992384
3.6016217420307437
3.589979769435568
3.6465744138719276
3.6135057805956974
3.5709716193520635
3.571578576954411
3.594166295109059
3.6281833011075557
3.627068946206595
3.655613968455902
3.7279517993757088
3.8575994118337418
3.597015300888372
3.5870595135201944
3.6741251465182114
3.6078273073168434
3.5994733736970623
3.595309340116825
3.6711556799109477
3.7345706963309233
5.288551784413192
3.648703707407482
3.7340226099415075
3.5904040487765023
3.679103843075444
3.688444487479878
3.6038491874063334
3.625863387555198
3.614562977477668
3.6106083391152444
3.697243166326582
3.5895103655577767
3.594066928531711
4.130108531496026
3.568904061648239
3.578980553289697
3.575890636786723
3.601203476866555
3.595565660941847
3.664437091477349
3.5850114182681008
3.675247752786078
3.6085706073092667
3.7370646485885155
3.5983363954995964
3.646267199938966
3.595704447786386
3.6335878406533912
3.638335394090328
3.575876526144432
3.717463714626848
5.477088709617684
4.523717191084046
4.765100025515311
3.7438998139632074
4.248239453787533
3.709217175634074
4.023120744741537
3.741405214764426
4.6294279877922095
4.3588751366101235
3.6800747395657116
3.723397664310075
3.9596211397557664
3.85222141280329
3.953098029070894
3.6650665771951343
3.616461101452357
3.563178302655337
3.6376333141119317
3.5695444127415294
4.078079334412484
3.599940265507549
3.86313038043352
3.6338997500294363
3.821882703133136
3.645698277882934
3.7154490814233228
3.566396052336942
3.654190899337264
3.54054277918768
3.6784655761927496
3.7204538918630883
3.964047641355535
3.922562488296044
3.606932880673503
4.473236274227057
3.9351540012824886
3.772480411320802
3.741526866954559
3.7440606960236424
3.6882959246045237
5.713541974420108
4.895076530529502
4.895076530529502
4.508668289043129
5.282735803313417
3.697277604785349
4.202288800653848
3.6901020201923878
3.6370840696488447
3.605564853351681
3.5914625512010945
3.670622550057017
3.564100890274309
3.7442781585430547
3.7456468598255594
4.138958696265857
3.623078836858195
3.6392269533177393
3.592353493043521
3.7176949788594604
3.602678229144402
3.593951506920574
3.7435188396307932
3.8615879406212335
3.5777618397451194
3.604219917780469
3.5910887319320035
3.6439347607273396
3.616951171135904
3.6237711118207887
3.6430729663290933
3.6309832067495993
3.612476171304917
4.306784900510781
5.054549525019559
3.575679564960633
3.5907445124477935
3.655496626464444
3.6162915656212196
3.576069102695344
3.589411872754823
3.643273109243409
3.6216261683104674
3.576315715394524
3.5759387767657733
3.5946563793099218
3.5741036939604047
3.6593268139161084
3.603157282070713
3.648754631209631
4.120735413969847
3.948847708625469
3.813656981006055
3.813656981006055
3.7626469353993492
3.698461483265461
3.690022481093319
3.5986669850675055
3.6131102810101936
3.6039072021668215
3.605714271646702
3.6286125269305884
3.665205159568907
3.626131876521696
3.7184954388569103
3.5973343741305435
3.6868673517002413
3.621314538131007
3.636490866366799
3.6211932458888967
3.59702602480699
3.6087701705422077
3.619290568423167
3.5987393622069246
3.5824592670361666
3.626732557480792
3.59332237668516
3.70430207571653
3.583192887138999
3.6621074316370916
3.678704105909397
3.6288960851366854
3.7753136216642544
3.586749984468607
3.6706754714081673
3.602971226892401
3.6109056604199066
3.5811011368574572
3.571111795036297
3.7345790895820734
3.738857153846352
3.6118026016693907
4.033422512745253
3.5968004748013787
3.7926198678112586
3.623560361390569
3.6840078852832665
3.6777160382893257
3.810276221930378
3.6516545076721467
3.6037068277979505
3.610810432019672
4.304707419593267
3.6690295262034582
3.6389983898733935
3.599713242170441
3.556174528910068
3.764531530529826
3.536231706833414
3.5546808257113334
4.978324829296995
4.164748216634001
3.611886811156841
3.700684844647329
3.570974126778844
3.570974126778844
3.570974126778844
3.9336683513911144
4.084581358791183
3.8380729096282558
3.614444165151636
3.640590903349712
3.6308725206130443
3.587527047042652
3.621971149235446
3.704928852322358
3.813065821199668
3.6193496546593176
4.044976394891639
3.638552291958503
3.809478175377391
3.9593721746895563
4.304682160160692
3.8829982854171052
3.7270327830197774
3.6426479617675604
3.773469861727739
3.634833768833266
3.664216060818887
3.5701252383985125
3.565587969786483
3.635978765799959
3.703089759897135
3.74728151017748
3.573709532281733
3.9445722441226536
3.5440060420054036
3.619555914531575
3.7118057081885163
3.5890587622058305
4.37445929756521
3.5724347447736178
4.200199270848165
4.830701503220431
3.5353780447232905
3.624102181115453
4.358240169386586
3.7655474578062775
3.978762169733178
3.6948253413733574
3.9135944916160366
3.5962111306402447
3.5962111306402447
3.6016597764494622
3.583708680164917
3.5426904998010946
3.5352640862655376
3.8157656739001773
3.9734900472033567
4.179262287813097
3.9904043477813467
3.945265660758671
4.303009177264913
3.737502548898065
4.187470870534426
4.0777635937912144
3.9118174286422978
3.9118174286422978
4.017949581070573
4.188189838809879
3.813065949408627
3.7634352542485483
3.7634352542485483
3.8085590179672044
3.8085590179672044
3.783394651022746
3.791579532837292
3.760955408721478
3.7702401961350684
3.624622762675047
3.579771608326636
3.5837236417065594
3.6623169487512808
3.5772438071994745
3.6858742205444273
3.6215286186261038
3.6615757911681177
3.619485565220077
3.602307954332763
3.607199591307269
3.645813303377215
3.7393296653334884
3.5974354854259687
3.5879262073070457
3.6135002154738056
3.628496943964983
3.671233499313654
3.665723899906439
3.6020063546929855
3.6201285390561537
3.598120116933182
3.64842744382946
3.5786233127391256
3.7201211177779596
3.7213454180990153
3.6394571459995158
3.6413094235379067
3.595215208390869
3.7960277030521707
3.603104668801309
3.717901955468667
3.5348346303464266
3.6066746593501064
3.5922720294219643
3.585460530053772
3.5959270979670843
3.640241059436118
3.5772333044413944
3.6142858600733643
3.619790233458041
3.628385711170925
3.6042990235883456
3.602231770977948
3.5844746100489173
3.6306651229517577
3.5947412376270216
3.5734031290092356
3.5683502988211595
3.580412712944125
3.5924144967178946
3.621055251571926
3.5936903468146144
3.5874636326068376
3.610929841272806
3.602697217382818
3.6070793302553397
3.691109523546093
3.6544084934757697
3.5988342907271997
3.6685933441236394
3.6144474464404555
3.687603066053084
3.653849329199807
3.634239710150594
3.6078778949638357
3.6242986135036848
3.8013824361351314
3.5741093135528574
3.542830166639111
3.5846743079377057
3.5931545419496875
3.616896035521765
3.670580972427535
3.6431293892836005
3.597629146901756
4.6210690381816075
3.7163140416937916
3.7578202350860708
3.7578202350860708
3.5927975986612974
3.6344208145239767
3.6234580078100733
3.5861401327003826
3.641798590803551
3.6265818146517375
3.5886408603695585
3.599394079885622
3.5974757567370075
3.60263664237296
3.61671438289666
3.8222026015299493
3.5743725556527157
3.7784093257203395
3.6066177962735506
3.55668303691294
3.5590402936539243
3.552758911129775
3.5610398047509735
3.53988215048405
3.554578802485926
3.5595286034585873
3.569051307366908
3.5873916040763785
3.6435489581062663
3.568137511214241
3.572206351257048
3.5696981977232864
3.589612959462488
3.613593467015219
3.6000776055674977
3.6000776055674977
3.6000776055674977
4.1891823253698615
3.558531857540668
3.9674717990072255
4.760499107487165
3.5967159201760124
3.697244229620476
3.830014572120495
3.823923464126044
3.6550408315742393
3.6101985050252123
3.610862536847817
3.7545722854072583
3.617424282964828
3.5670341796759115
3.6857104189033176
3.6895933768348925
4.305553384979671
4.573881116736709
4.644697938152859
4.13229298120182
3.8875369644772033
3.8092672126374225
3.738412558563786
3.6128428521251923
3.6182837452065604
3.639772347138983
3.6003349194461847
3.6002110162825987
3.6580674702307414
3.5897862561989613
3.6070486421949512
3.601523150162521
3.817710093645238
4.201492603663632
4.093732163796728
3.5992105966629704
3.7499221565361447
3.59114282924639
3.6415033633328027
3.7966033699494197
4.522770069385378
3.6489114050189104
3.6475144822834227
3.635411781169333
3.707487365363265
3.5779602116607045
3.582923950798987
3.626381481851343
3.6127679919872144
3.629665624886374
3.6134964384113344
3.600301378691521
3.6116230318986933
3.6261880044443355
3.664242870663881
3.6633965761041525
3.619544577259586
3.742600034566136
3.831867312942016
3.6178814564256525
4.438171855689419
3.6182343413216977
3.688727558708873
3.6098055462970344
3.624259508846861
3.6438044933859217
3.62687111058338
3.5942927701163008
3.6460153668422257
3.614777950475201
3.6244857372187305
3.6420011211749963
3.642281393502995
3.5644939994338203
3.5775748394031623
3.567826542800808
3.5684569691459727
3.5779816222251317
3.572442650651055
3.5869109700423283
3.58747352712743
3.6437140799226975
3.5924177291780586
3.5852714979080114
3.596413349983546
3.6280594361510063
3.6295815892756735
3.6117895896329655
3.605444854814082
3.5978697722166952
3.7222836185531314
3.837423351775908
3.8003767154273183
4.08427702100143
3.755634911542634
3.7222662159800066
3.575344596217339
3.5882172875066836
3.5809488171808637
3.6150594437930517
3.6375604263698276
3.6727501331435515
3.6362774559481954
3.6429339097670477
3.5917246359705928
3.5848679495123745
3.6013549462048386
3.6408134043409075
3.600728139062258
3.6132450261138587
3.6070421377137283
3.55642960345801
3.5950998648627053
3.6256635744890344
3.7855813062888433
3.542823304773311
3.577213561751403
3.6107956917367545
3.599649785407797
3.666081198548329
3.623523247131194
3.670106363758791
3.7025287989416897
3.631411628590423
3.66167132299704
3.6111884366725455
3.7225574890970745
3.58454299141063
3.6213918798999596
3.6428718587329576
3.602107093199632
3.589890039912401
3.617619360413694
3.5780216644743135
3.6053700456342965
3.6098948663168757
3.767068135797712
3.6870657238376294
3.5998329945072642
3.653538398613378
3.5984373169170683
3.663210035564349
3.63653539352816
3.5832506977131513
3.586789287263743
3.6082942180270905
3.6558141374628823
3.569796564119917
4.322669864579206
3.6422738322306656
3.5835246381599326
3.624303062986267
3.6149688309648873
3.67163393380818
3.6256656498413222
3.9250625922510842
3.66745315935433
3.6033845719370623
3.645509405593876
3.565201277012382
3.580230621839516
3.584045494668353
3.6045815484232966
3.732938132318414
3.732938132318414
3.967616677368985
4.169721773107737
3.8139382473152246
3.697415263791055
3.727694917251878
3.863133830797296
3.737512184001747
3.625406382336947
3.5655360705286023
3.642240736570784
3.5923984381943423
3.5885477677284108
3.6420778696131664
3.6078025960021134
3.6449647534843046
3.6200086184504423
3.6062950339787583
3.602541464170328
3.6071128988365637
3.575442751478465
3.5897118259626595
3.592433304335932
3.5890007209248216
3.5702724145433007
3.5895740523293203
3.6328488668560004
4.129395126335391
3.8064132970307964
3.7221528166716267
3.703892396056689
3.588532066675251
3.913258175482876
4.014316358618974
4.123202982755663
3.601293040278686
3.6185126454176073
4.037256419021512
4.135644981495988
3.688019040886476
3.6177785147933292
4.212487134622022
3.616309317140712
3.8559624793056555
4.327301154338761
3.6117222658303727
3.818053824462868
3.627738586185969
3.650499597009578
3.6192766468973456
3.633126062408001
3.6252080822880077
3.585088285207611
3.5902414694394307
4.030972757606073
4.21789483808212
3.5225362696250953
3.5693335774745885
3.596344275989679
3.676626187358793
3.659851188733323
3.5854017501216964
3.9436493230381378
3.596579942021571
3.58480617674073
3.601760848843585
3.6272164664645765
3.582884966855771
3.5974007928202845
3.622653224772513
3.6360707425877776
3.63472606061648
3.601116379287789
3.6482030763551716
3.6425616092430873
3.7037442605517827
3.6143817070745934
3.607690422977877
3.602856820810549
3.6049662072842907
3.6153754627065386
3.6972788758341624
3.6022231390574864
3.7044838028584754
3.6179319148191826
3.7420900954650502
3.6518469180514774
3.914766892821141
3.676812472358089
4.090661232077765
3.7495611920862815
4.4241409031973955
3.6531476134905407
3.8101022237496798
3.8439481607716064
3.5670000296833173
3.659463060220964
3.550697635978679
3.5638801090452246
3.5941057090178745
4.010919680620897
3.880247879514453
3.765526632799104
4.082740500400349
3.5820608574117623
3.6120095710373175
3.609083376597905
3.6803776762357168
3.5996566115402238
3.782918176541053
3.5952706757529307
3.649509858970692
3.8101071838039857
3.705858933909434
3.570107206946343
3.5765145427234235
3.577741518181067
3.6112426879420085
3.6269823032666952
3.5671272302919474
3.625955236894902
3.6080957058339616
3.6153613215564753
3.627091546779001
3.639512870686052
3.586905784769575
3.680732016662897
3.601278773804278
3.615528811991553
3.6586992481548397
3.592611154373083
3.6673804373481715
3.624869095837269
3.612295546890447
3.6319763004161167
3.601683066769953
3.6358513210525847
3.6059732011204217
3.5954308268314703
3.6465603020507693
3.628121930516614
3.631585292174063
3.594067413121653
3.5805492309211715
3.60919162735098
3.7673537254883436
3.6617732631519626
3.7999667124682404
3.694114158366558
3.665335858809789
3.61227318520388
3.8321748664455515
3.7429719429153088
4.241656060153992
3.956909183217207
3.6126087468990633
3.583687304504002
3.656543950400005
3.548048413795706
3.54788832394998
3.59637820783328
3.621472652075356
3.6975891422552145
4.133523452093613
3.72549888054814
3.685794920618906
3.7929323041441063
3.716640875173063
3.648227192933756
3.596962335408005
4.019509982689578
3.795450210486457
3.8233616365444347
3.588917451680973
3.7525104615129634
3.5882752570966785
3.6126300434352627
3.639864520364827
3.671782096261537
3.6021222238336366
3.6012176059022605
3.626470222385235
3.6186447771024355
3.682663469554001
3.59918773810076
3.6741190574476046
3.6103705839089764
3.6138246898585926
3.722539585903186
3.6777692135662026
3.642087934595852
3.69771760607681
3.5810490473052505
3.8258059404124705
3.5970732220075505
3.595400531127286
3.5726071035327776
3.594816409558405
3.5776694657446813
3.6638708897948176
3.593826890228499
3.586055814623825
3.6766736230931465
3.7313754394612015
3.5910545614823857
3.577977771807721
3.584665175685085
3.5778309558843895
3.5879826424870336
3.6616114014937553
3.6357597751866035
3.663648038399054
3.6140186127420013
3.579245815076826
3.6125615877483814
3.627739347235516
3.537314878216158
3.584124907936232
3.584188775698982
3.6117339100861408
3.6367245114290334
3.9917356325457476
3.6299702109901437
3.63669409238222
3.6088481057920396
3.8104680091999468
3.5923035197381585
3.5922688358112653
3.5942986436234445
3.6203553639628896
3.639806377104203
3.6014955432594506
3.628587589654769
3.56232541037924
3.647234683865328
3.597374282791283
3.592277375488597
3.6688197290400364
3.6376608011225784
3.6151712040378223
3.679485156301347
3.6811273589578333
3.687984571994167
3.612594448593285
3.622540943089919
3.6338511830895435
3.6358799097045953
3.61243036259992
3.6080054073786876
3.629241375059658
3.6605939394052434
3.6593416961466074
3.575314813367616
3.57242672310731
3.5855539113548502
3.5839513514960983
3.5904537400045653
3.668734252211591
3.6303076834501775
3.602379063475893
3.650880619985576
3.5831577476982823
3.5777281262581075
3.587148330822079
3.6635826939382947
3.5930423054296083
3.6068534718674496
3.5816668339531805
3.667513103869534
3.7249257034478913
4.06095263078201
3.933522913017663
3.6239043771644726
3.5855009373010267
3.573000182975216
3.8626230258716157
4.00756695052866
3.5929713019163945
3.561858504123022
4.27087577683908
3.5798690804563966
3.59704697652837
3.6365212193881673
3.6082793726556277
3.6041461521829
3.6251095824800403
3.6461730918038957
3.6145747120714167
3.60662759806538
3.6399300859130452
3.680117553688945
3.6232308512458484
3.5901180685636627
3.619235253886032
3.631445808572365
3.62465893413753
3.656799505880542
3.6947058267788675
4.038524162628333
4.500616226750672
3.6897588373283883
3.696094107360501
4.498088252846008
3.579173349703087
3.620488517118778
3.575694554952536
3.7031317397054293
3.5988675245164603
3.7865505846034204
3.5118408679847146
3.603220044333996
3.7778387715847868
3.551549520457761
3.5298390630182737
3.582141809394694
3.5533641082459217
3.61395732366354
4.027572495254798
3.5693176606350163
3.940982909199703
4.167925257142774
3.645242957507283
3.7362160381477882
4.219044176567433
3.7465247974123463
3.5743929711494475
3.5729438326104255
3.6189427198947346
4.022141231161901
3.6770840895909322
3.9773328054086967
3.834338245871967
3.6111900133127035
3.7325025523202697
3.69877129784596
3.63767949648893
3.5965570605230446
3.6049612914768243
3.6354693193447574
3.6246790396542226
3.610151383858965
3.6034195705537364
3.6273141945045033
3.589319404444626
3.6196160917311024
4.99651323951429
4.01226299675853
3.623670830723146
3.6162576065240613
3.73395919845899
3.6156733005681003
3.7291918159781883
3.6263458457574185
4.110011632188682
4.473109148202736
3.9374727917550723
3.7031968604075467
3.5956922899825177
4.083936924391995
3.665249622531645
3.730648175625098
3.851366887378295
3.888338128598137
4.327762729684062
3.7477649457489846
3.7449475069244507
4.1120618518764065
3.9715429642645397
3.6604723589685655
3.6190144375935382
4.99360410726398
3.6224784846153795
3.94060053322918
3.625504233033772
3.6203655222754723
3.6433885742596805
4.191454966525768
4.8422033957108965
3.5612540141121007
3.9803420363905078
3.680197962125801
3.683461595749877
3.644052796508917
3.6089580562883055
3.667865227909912
3.6294229075153877
3.839562036074207
3.6473596223090827
3.59653756034566
3.694895518904514
3.654007898245756
3.5894921308525074
3.8212217353425197
3.917011150287016
3.690328687943188
3.6361175322606867
3.635876744353576
3.5979640095228973
3.599172727831583
3.5841845109322525
3.5743709486325437
3.655832011415492
3.603238488272594
3.572771192074825
3.590003327401206
3.8722137282551796
3.5831242813756417
3.5929051771863927
3.5739168433984734
3.56786796106363
3.569722796154153
3.587532389414846
3.579430141205448
3.6922897242735235
3.793281570177844
3.8989670998394215
3.598716833820587
3.619943581971371
3.6398641909465415
3.587302965541717
3.5690941384219865
3.62307682849989
3.5984464804776715
3.6033856682819527
3.6234182276857263
3.612028301062974
3.628740375245838
3.611392542538994
3.6779402839845177
3.621792739613159
3.647645224841426
3.626361808186914
3.575695571748911
3.5990573110406854
4.066965524927202
3.6820248607128025
3.9387583002112576
3.6713973780043307
4.241637679231845
4.067883137144476
3.900075694937794
3.930188576345463
3.731544369308824
3.639123973706484
4.841197990910585
3.6581212146152873
3.7528818490448357
3.8932231095268115
3.7118547533520405
3.7955901343841068
4.0420052744616966
3.7061280408580224
3.5882769997415433
3.602926435634512
3.675625457478047
3.626686722592244
3.5990042329208642
3.598118331511441
3.584766677295348
3.685491409676429
3.6206866902484967
3.612965076814217
3.580699415324018
3.6364885922015064
3.5553103465520692
3.610297169794485
3.7506422637030736
3.682284215817537
3.6038752206303286
3.6161941822316255
3.6114311219107176
3.5770842118692467
3.589375004188055
3.6907333572309815
3.588031127253295
3.5914065650614733
3.6460783274509163
3.6344870744692783
3.6200720391628063
3.593155908819122
3.640086098609241
3.637729501729489
3.6005670187218723
3.6345385904596106
3.643670911572842
3.9857668335532352
4.1047902730693195
3.6176910336635473
3.616385316878418
3.606459383789299
4.262257251368991
3.629387520685182
3.5850713828329823
3.640692583692553
3.6259410856699743
3.650256130680144
3.6400595930515682
3.6149061036126384
3.590143896373985
3.577836035661503
3.7283935174374716
3.594854620411888
3.637800129105829
3.6986253787783863
3.6003632589341747
3.600999444465967
3.6322169219454867
3.6353380833932714
3.6484518842302203
3.6320945239163747
3.5968680756098945
3.664172591050841
4.320907196779607
5.041394258059144
3.564715759928584
3.562103536062798
3.7930665326693394
3.5827675561295846
3.5766084138643515
3.596349041510332
3.604938358908452
3.6067683137967967
3.593654118870741
3.9378362258598614
3.5836788473941983
3.6301975368128683
3.6012159309797274
3.588201198720993
3.5903458269937922
3.6225166088073575
3.61258360679021
3.600277016534948
3.637618591643308
3.615294059264279
3.6401836673315273
3.617907712886784
3.6182648012026437
3.597080632049869
3.651376737619909
3.6182333833339757
3.5872856609263053
3.6101805131745297
3.714403376906863
3.613839639513384
3.7452195458124615
3.628983615031127
3.6316109823413254
3.637625777492327
3.6214889213276025
3.6564723110288884
3.664047520149965
3.623606568921893
3.6333257810134283
3.6146776565772707
3.6128220833810913
3.5752572514912053
3.5925088801196408
3.6176285368980903
3.564424237612565
3.575569023352972
3.6670824832481546
3.5757053838532933
3.5937744549911077
3.5929224397683104
3.543176413901072
3.595504855238633
3.7853189046811027
3.5721618772604304
3.5889317263603076
3.5912576529907634
3.6381930204609008
3.652047111922306
3.6420093447418838
3.6223418259236757
5.546401231954969
3.888886061733747
3.8658140891327206
3.666563612524638
4.620735758475612
3.677044927063922
3.707311708768013
3.6150365957413424
3.6635823474824543
3.613943121919658
3.6756689807684513
3.589197637767649
4.314127322853378
3.581125234618408
4.011827027935177
3.7829948975139716
4.182129110314724
3.5858670225241056
4.194217880720093
3.7385850183738034
3.5658482058579235
3.6892827190874966
3.978655897607017
3.8989946442017387
3.6251235577916052
4.68146358415159
3.533020331848718
3.647492882307985
3.965329717529502
3.7516555498526047
3.7652163037041784
3.6688248306982105
3.5958095783721915
3.7740291291095485
4.0591674794687735
3.7125193358927993
3.9205855219753794
4.226781097851063
3.6242854174074375
3.696317910686971
4.046334211420415
3.786680256827937
3.5959770766409243
3.6447877721082693
3.699682004096379
3.611258643720426
3.6172506415497208
3.6278484678411775
3.620991438310125
3.6286196030076168
3.6154939915246445
3.6289698817087155
3.605032648287366
3.7842511699699743
3.611851626299376
3.633362686383959
3.6001898204645073
3.6343696099762224
3.6031189975427527
3.626177822704245
3.576719465187236
3.622151333012292
3.6064290175519025
3.6249854473775214
3.6334630502772276
3.626320512084789
3.6190746063233807
3.5964456055585172
3.6313564217202723
3.6625002935156674
3.8373463930231155
3.9787433347771444
4.355669142719288
3.7432828929159143
4.445352951796285
3.9082099821020453
3.970811881737988
3.754629956943115
3.597071554712284
3.657864941109155
3.6426701889545194
3.6784796596188247
3.628346753304843
3.6375643656191237
3.6060709917321714
3.6319151433270114
3.681548127083788
3.6213325888256302
3.6334804670934058
3.602803691527137
3.6992393295276607
3.61561326943034
4.813041993690565
5.118694554123237
3.8323970689290947
3.7739478717596615
3.6495868494664077
3.76310965388719
5.634646993718846
3.6730099334318984
3.593062757123629
3.5872638534739854
3.567500158173099
3.5859519351281612
3.5848007357545333
3.5952603976673863
3.662277603244977
3.5542825042467374
3.5817131419853543
3.5760940225438302
3.5953439682088613
3.6212654923780803
3.6918184014905604
3.5925222781816544
3.5993922560618894
3.598263223158522
3.629239786086564
3.6391909266454894
3.5977831586776663
3.6269021027754764
3.603016221384311
3.585030870282478
3.609967995672087
3.5824958288436357
3.806816381545471
3.582181723743032
3.629701188511393
3.59518039995637
3.606376669451868
3.8095316473782646
3.62915751415971
3.611627120881974
3.5749669650105482
3.631245883150145
3.593759188743258
3.5984994637486136
3.6327202087869184
3.6231587840693384
3.618657553103176
3.622408333044631
3.6401262281712374
3.6317707958458305
3.6126140742618347
3.6725572882282362
3.9461160236971518
4.181359319484745
3.5907168982489335
3.624982414590459
3.627614049570354
4.292286694693554
4.395066757260224
3.6665754196195066
3.5556109348007476
3.571965975541236
3.5779554481898135
3.6693417544533666
3.792270523526049
3.5741351699314423
3.57880515842417
3.5821418800408305
3.6070479460669684
3.589957098347803
3.5950860010248546
3.627142852529385
3.578092963644686
3.718254814560749
3.706149181113531
3.630298266335365
3.6230835743570626
3.739615466808016
3.6609886011647035
3.6030728737406186
3.637915992888809
3.6063036869992358
3.6168999960787507
3.655904309241515
3.6635726513227382
3.6739245267282
3.5900406103303255
3.62995609726298
3.634530510920338
3.884835649705564
3.642957128026946
3.6999674888937255
3.7072656629501166
3.609103171956474
3.639233731158333
3.5912005096378055
3.568448157721679
3.6043916853315463
3.6009366949646253
3.597313653046625
3.592553114411015
3.5917407771916476
3.595282054040047
3.621719934279236
3.6604421556365185
3.700472609253162
3.6458493159368768
3.5944152095179165
3.576524991717661
3.5701222357553095
3.609687499708257
3.64838758435939
3.603326501531859
3.588683578521569
3.615826204436704
3.582368038307579
3.6172048451197716
3.5901738157439755
3.8997519013812476
4.940449449932224
3.7847000540297935
3.6590967831662864
3.656628325403346
3.6241189588806084
3.607076491406201
3.629662398228108
3.604479898050318
3.5814052283123186
3.5560099760192196
3.6795133766901276
3.7533980545162513
3.610386037926643
3.6005485796980397
3.5709109141006063
3.580709165354472
3.6144820811705394
3.6046242956687284
3.789176495656103
3.789176495656103
3.761320465276727
3.6230120684321796
3.6566482440345434
3.541545528306578
4.001565229337334
3.798872073327069
3.699059747609474
3.5984461293040333
4.473964027012604
3.604374133597313
4.8647336646469865
3.61657749952375
3.8251672670517234
3.6677118257477836
3.6946508786551666
3.674944512560541
4.161632071330905
3.6624349544762773
3.629787560123911
3.6103411940477113
3.7524618881025464
3.6480150314849036
3.6087693980233815
3.623941137112501
3.690554360802907
4.876808684262744
3.7939088238532515
3.877330795463176
3.5369632996611853
3.722783577839177
3.6442613115753075
3.693844802202374
3.7265604244590307
3.5854757158270942
3.5918054310765224
3.58487238448174
3.629359666618061
3.581205408802859
3.57590312795613
3.596429395817582
3.669252881610585
3.5812873360790984
3.6337995322539713
3.8320021706548197
3.636662088213744
3.6634612130381683
3.8296379150247146
3.5939148346986602
3.8332975432766148
3.696968320770587
4.349739263166854
4.322229275646919
4.050149762927578
3.914090192000291
4.237877004942315
5.211550158945505
3.9366697548162364
3.957621216793198
5.0897067512656555
4.284379309132222
4.198780927490042
4.179884163854137
3.6079569750232454
3.6409546859933455
3.5450347885901365
3.561484785081073
3.598550892255606
3.680407005384306
3.5640583480956867
3.57630992253891
5.770451996422543
3.7854376225186157
3.9785704413995093
3.5815536648907784
3.932441332010317
3.5679018996005203
3.5972919419888343
3.577591141587502
3.662076598840095
3.7047507904221186
3.5327603468666533
3.610031645216073
3.618843567367864
3.606170639521515
4.0543246719810115
5.070336914883193
3.6870519473431673
4.421739573241332
3.586827055228389
3.5998379036799815
3.5963060467341315
3.59348348834038
3.574677604301131
3.570940508282217
3.5756195600592022
3.5760511112737823
3.577331451212137
3.5863216192890555
3.5852050167372673
3.690728096292691
3.7136405655643294
3.7240081054278633
3.6080027711337004
3.6690815353739756
3.614950402430452
3.591300508612347
3.5920707859801237
5.181370873150121
3.6516054065864942
3.5311794086795554
3.8036134551504945
3.850475393487118
4.031579125306777
3.7868913838566507
4.221524947029761
4.127100755518798
4.090412309402932
4.082992595321439
3.885977452987077
5.812380694442446
3.639669265259135
4.929035915702868
4.101111049179796
3.605532690293806
3.611944160026712
3.5619182107885625
3.71157452505017
3.627203958944644
3.5869659324922907
3.572420225512838
3.5605993102040268
3.5651004970089093
3.728264393916298
3.5534918933286046
3.5858051598336025
3.646237771674788
3.58190453919727
3.5612065485516835
3.55717912758323
3.611584294260522
3.621674109234468
3.6211917315730107
3.625075435097452
3.6201928785001902
3.640553978570853
3.5462965090027048
3.8544144603779413
3.6330704469584174
3.6899951565638904
3.614205030038905
4.015485885956015
3.863081734642456
3.886018278939959
3.589812127048442
3.5554061263630325
3.596088830998122
3.6140698993774505
3.579364385709201
3.5924696703164374
3.6076555971523545
3.6227066100718837
3.631845365488017
3.5937725273981513
3.578384464464307
3.784286958330905
3.5922604656939487
3.616765039550664
3.668274977999546
3.627073358327649
3.5869290276423786
3.5877018374376464
3.6036001739669206
3.578235842127561
3.6126212066354704
3.6951874636238884
3.6888404053822357
3.6977723695715534
3.704511236264782
3.6084361215312444
3.7458931156190736
3.6747770846742136
3.8329586277368417
3.7401151107005743
4.204372546262276
3.536500877986422
3.526762469700331
3.8462014688317723
3.836844461844817
3.8493487833780233
3.594097169184494
3.628957662785986
4.987059800996276
3.7841306642327193
4.2167323828320065
4.217942926244502
4.937270216089262
4.367352100925888
3.6075827153358926
3.7327090682078126
3.5827570951728176
3.6540425454355314
3.6064446656283904
3.6336241306453276
3.6588520726695815
3.5866342763587022
3.59438344801419
3.6025218490749533
3.5629295880486254
4.418450813071875
5.402580882660561
3.5383385583572755
4.610200436434692
3.9737112537985144
4.269167540152949
3.6047128573004996
3.5716985433167383
3.539115734798802
3.7142921597949496
4.390674610425509
3.6388823027173
3.62837915539793
3.7157634887446873
3.974363281321601
3.5858562754477625
3.6855797065473213
3.616646247977826
4.105474789914687
4.881220290066614
4.29375185957545
3.6532521941779987
3.649931992607593
3.6334229983671134
3.6223225513269997
3.616120126514032
3.618109075962626
3.6425569697276914
3.618044682185472
3.874006503286279
3.613356574518514
3.658197938194891
3.622710232300948
3.605368030930792
3.618469388547302
3.6075769128627924
3.649797587846806
3.6079406959211875
3.663370976461702
3.6552422252887675
3.7745692697407884
3.6734792586261404
3.6051832964917794
3.6092937635126905
3.619771696141073
3.6664713352742653
3.6012765360600745
3.5701154800761183
4.8602667102272274
3.5684852794013313
3.7848283222991643
3.765877331428759
3.6696037270139374
3.596177926885721
3.5574160201396117
3.596500586927298
3.5867965875719356
3.7812900146558532
3.554576609142578
3.821870730333636
4.051640343400033
3.83050632393501
3.9896499125804956
3.7486544344321038
3.6544411085949093
3.8032396664804375
3.7697330829751423
3.772123890129676
3.692123407173109
5.367651801143396
3.5972367259565727
3.9118672467452664
3.9118672467452664
3.5997906602546625
4.112897475201216
3.607116245075466
3.7964255700308898
3.5734073753628404
3.774630841782656
3.582034151760746
3.567870896552734
3.674967987498253
3.6014831501085562
3.5758641624713694
3.564526556718279
3.587340568638017
3.582916608130195
3.6847946852807576
3.6330742614834146
3.6001149652695963
3.6374132224850095
3.6200402141227834
3.6237584224165635
3.621165039397353
3.774876388874469
3.9108301457923385
3.575609197424565
3.5712657942875023
3.6305858308720427
3.6148227839433313
3.602382540505846
3.636082972396925
3.6438872289792092
3.6470679451129704
3.6390953822303107
3.6315759820185587
3.642455332333315
3.632694720776404
3.666613678514837
3.6313402187198704
3.6116254989408647
3.5956246342429634
3.6206464987662406
3.6170925274195604
3.589100916734377
3.5777996896678945
3.6349975774976695
3.611716971563674
3.621455177573865
3.6420404659842656
3.7620268849484377
3.6178371686800097
3.638475854371028
3.630787220075818
3.9597661650182525
3.5922367867533573
3.613041107222039
3.6255065951214656
3.6049903434003525
3.628299765770426
3.6349144875934885
3.6442569079171747
3.725301194391934
3.7965671544862163
3.697731765447875
3.5937330121507145
3.639805726038225
3.6281760276622466
3.6519920055774198
3.6120861549835683
3.663478346184008
3.616655278784555
3.6012829516664104
3.5925160141217876
3.6126509424566935
3.582986441904742
3.5864140611245894
3.5897411416046046
3.633861970569624
3.6058572364571413
3.593876755372581
3.6074133525365233
3.6199014578647724
3.6242856430227643
3.61483652640345
3.5651242950871502
3.5794745579787617
3.5465143136082595
3.721561395822014
4.199823507243269
3.7042956743642637
3.6387510427924976
3.6516466622186496
3.675265128961541
4.130402845130154
3.650279726965978
3.6477604504960075
3.612424318396796
3.6612351280755417
3.9541779168225624
4.41730035943376
3.902833330895489
3.6928501651194
4.312629654252926
4.375908214412715
3.7957204815211427
4.334131279482014
3.77243673157942
3.750705970361844
3.7142233270317333
4.049031553867385
3.585435450048197
3.5967257739537906
3.6395203314447864
3.6090587832396555
3.6172724241503946
3.6533391406970885
3.6195327947842806
3.6333787403962976
3.6798016898115065
3.6735348109892865
3.6006777114090065
5.204597452200891
3.6100675566568556
3.6376055654690083
3.6167841054382204
3.6276039449834823
3.64571489377335
3.6040488850410597
3.5948778810093045
3.6048070001562946
3.6176349967799446
3.6231803525253037
3.636770856944499
3.5824863370184605
3.5899103212985155
3.6290412621308143
3.6265497258068438
3.617359068818003
3.5993206774377335
3.6572514314427575
3.6618064921488926
3.593818947030348
3.6226737732975662
3.6116978864789413
3.5979378187636804
3.597865957437355
3.6230587655208195
3.63854463914015
3.5940021708515815
3.5951288599957016
3.594869867574247
3.6407967660220564
3.6649786003386176
3.616104296696406
3.6170357356292056
3.6048675475053233
3.600295643646154
3.6356021894154216
3.5503981600100794
3.5734483250181004
3.8834206035952956
3.608177768522169
3.6222790661391153
3.6837285661802373
3.6866447504475035
3.5915108570963525
3.592922623222907
3.6152006841047037
3.620954722440914
3.6170341775307513
3.646139896016438
3.6044324643173415
3.6141432274612804
3.6861361400863313
3.621341442645978
3.583057476867462
3.7187310277273182
3.73692305704171
3.9114182898604173
3.927316460574924
3.6102825672164522
3.5935668266463923
3.568677826869522
3.576349303891095
3.6145909331112565
3.6074393266851756
3.5924283890431985
3.6857504188952657
3.5942562556986672
3.623462572436024
3.594763428677368
3.6812906225738633
3.624738984924383
3.6288061726750565
3.695853860544534
3.661275716659226
3.999501989988926
3.7831338795616514
3.6195325090869828
3.594715022084295
3.6102350171807336
3.6466022014149297
3.5974935698643034
3.6207742666704954
3.6105451923738947
3.718445104887781
3.705530457312738
3.5986788969361827
3.867917111170132
3.5556131019502653
3.6070571140374357
3.773815615196882
3.5907490506836273
3.576489656163549
3.58090719314833
3.589458449204172
3.6386252477009937
3.564410977427579
3.5264946193145636
3.53956335936741
3.595058162204766
3.594952505143131
3.6495934564420223
3.638118899916534
3.6218398844797592
3.5688839395509486
3.668308504489274
3.6326214533765757
3.6176365326765345
3.6365629409891853
3.6087055104096795
3.6275489962627496
3.6321435807755993
3.6226621413488354
3.630686042731017
3.6068495919891106
3.6066976376083826
3.6065423557930045
3.5945939031727634
3.720065596178058
3.7199624410998413
3.6020286198127054
3.5934693055150166
3.656733876848449
3.604859971658217
3.583747035665237
3.640411503223197
3.6134649653546616
3.7166688764657563
3.664141641879813
3.7513825604291715
3.6782826208802417
3.625215568924986
3.6950743177757186
3.5915952986764204
3.5326570619382958
3.603507346466687
3.7259608755841986
3.7508705878084885
3.5799736549661585
4.1098552989131365
4.354017318667608
3.6253423050158027
3.619683259112648
3.6294605372263145
3.628223752823736
3.610065768288339
3.5938453514773196
3.593467440392466
3.6676374832799543
3.649750449332334
3.602232316377276
3.7296243804315337
3.593114510690501
3.6064118908457012
3.6279383993205347
3.5963607914292437
3.592353211435842
3.6206041149478203
3.688993057781537
3.6832730882618754
3.593091221784924
3.62703565529024
3.624127842995247
3.6143777195006495
3.611891012660886
3.6154200478962544
3.6184451081319002
3.613189770222083
3.646254428431102
3.6303380977831594
3.611799673801153
3.621011416977462
3.642315116638805
3.7132569440015386
3.5983122193667922
3.685512308016289
3.625438954333827
3.613924515470245
3.6380943132688324
3.7100643847242574
3.6368231947101344
3.623170143714364
3.646608794840925
3.5864218677606368
3.589664175920266
3.575609862393214
3.6544604994462233
3.6098472525885654
3.5999412303842435
3.7554317897483536
3.606625407523891
3.657720631698991
3.6222754821044294
3.619207593711308
3.607977761190153
3.6260664569104675
3.5867373974149084
3.645215742943292
3.6082964855979207
3.6011496596920165
3.6701186305578033
3.6471932905779094
3.6299522236337385
3.5973444109069224
3.621828628811177
3.878472248732166
3.6227472674076378
3.6621140050318592
3.587962668579335
3.6155828704974162
3.5780776330968678
3.5799097844316234
3.6248258591302918
3.609835578786593
3.6508707618523015
3.582041835806967
3.5890059433272805
3.668496818988234
3.6487689183933982
3.626358681108611
3.6368256195189557
3.612187076609223
3.6439380610764647
3.5968760581724313
3.6054621033031258
3.6261215287110975
3.7092129607502584
3.621491118488639
3.623904401853277
3.6128166824031367
3.610400655010774
3.590037038144561
3.619737107545455
3.69121598975329
3.8163324258589464
3.5729600697425687
3.6035792873895276
3.653594971212706
3.589405109724577
3.5889244990352287
3.61228004465066
3.615175334748049
3.8954293117574963
3.6129375018112575
3.604335375569957
3.6237310843400126
3.6007951668292857
3.633453702668028
3.636061206219709
3.7194840161266676
3.73934419476376
3.73934419476376
3.7801048050281647
4.052837525207543
4.27311945710689
5.540974328140227
3.6183586072655096
3.7553720112445763
3.716758766300483
3.6061760146187947
3.667701550640386
4.128556258704854
3.8036940391092164
3.6784109065184096
3.787578474065338
3.622314511810333
3.597971479685452
3.6532422104656934
3.6559122188664803
3.6421919413301236
3.6048813101251227
3.608125471501016
3.6390106364327623
3.612290166257718
3.6963935964348895
3.59707185944854
3.6127995114272333
3.6107945218279465
3.5846315336473844
3.5735378195457392
3.583159901844207
3.6186036281070693
3.5681705809768554
3.6041006585235182
3.663907428658539
3.6105728477636454
3.6216359258898922
3.6461899393009736
3.5928387761875733
6.18772194403171
5.7958492627774145
3.7465087600639033
4.021394763310214
3.5908885863443762
3.668704831893635
3.621243511820654
3.5852970385232776
3.609722376524182
3.608201279474962
3.618258031100778
3.5840231442940285
3.70752490712686
3.6927941610869723
3.6116235467922744
3.664255135918328
3.595094322750045
3.6410487452496514
3.630548784827523
3.6498826702041165
5.0954897924697775
5.249515062080722
3.584699352466427
3.598797361009449
3.9238710799289627
3.589002352206869
3.5773100539783145
3.6081162288392292
3.5665428210755477
3.581251459442703
3.6287923745433748
3.537155312375926
3.595027082764628
3.5754225331232288
3.9973416257333874
3.7440681109763667
3.6777138521362907
3.639380300849057
3.6225529046118456
3.5670873320801286
4.094258431235966
3.5801272805852284
3.8435625978712613
3.577035843886442
3.602410752190444
3.609412357526423
3.592942559616369
3.572976465718675
3.535730008243038
3.5874029049754483
3.593966957765999
3.818002788172956
3.6137859631894607
3.581567223162896
3.6408553449503436
3.6952973677190517
3.6222602113465254
3.681018024531165
3.7583522476872813
3.6642020579936267
4.042793151352335
3.7938830727404973
3.6573214421000757
3.5286667119292936
3.6113831618637353
3.5780135317887822
3.788356926083431
3.7249790826901523
3.6014227026144554
3.639172817005143
3.6159643934727814
3.6504599683304777
3.631792485768361
3.6961515927970536
3.601221631503776
3.5809404018656226
3.5675269333616706
3.5712276892497896
3.6092449620657043
3.580224488492897
3.6660977489454103
3.635584631113722
3.574338242553654
3.641856281462611
3.575161230861078
3.5931043689721074
3.6665317990360267
3.7111672029874576
3.587324461203853
3.592714609770715
3.58758505289806
3.5863472923968804
3.614701882523012
3.6048606582634086
3.6325650467252695
3.790951332201338
3.7825200785967628
3.75331553133264
3.589470503560113
3.8558979670596893
4.099613865749439
3.596347278240935
3.5699141749645285
3.5789147585502143
3.603242643507613
3.616938330136767
3.670162586581125
3.66113504834948
3.653760849380133
3.5829066948138233
3.5762511957128824
3.5789716376311302
3.6452062711580298
3.55917747496232
3.6596565639878045
3.5819538938961246
3.58829195334034
3.59898010428939
3.5830226768161317
3.62243562078314
3.6924790848339395
3.635131707809883
4.216915970405582
3.672871214314704
3.640263600480258
3.597027148386643
3.6451915770129664
3.5965351104041705
3.6146592548586156
3.62151781472644
3.609357234855149
3.568962882147249
3.568501385956298
3.564946732496473
3.577526320820477
3.5779530136490605
3.5949466509028354
6.027582469264582
3.83105490773136
3.6977580541865143
3.6557730671905047
3.6631772234242455
3.5983866477805884
3.6301526693700827
3.611952336728601
3.585201943090021
3.5950154002751145
3.7206101552660473
3.610639457421084
3.613851224886501
3.624166767680628
3.5844999206024184
3.5713397771636006
3.640276694249802
3.5920986253570586
3.6211795189469544
4.1745572077913335
3.928575176530421
3.5851049429417006
3.5848564690992637
3.592612877656181
3.5956064578367224
3.607763338153009
3.5659088012962012
3.6074160342607207
4.022158604290438
3.580263178202065
3.614946872210555
5.018120328936333
3.6560216364349234
3.657527507820162
3.5989510416353525
3.6041070403685818
3.621210775599989
3.637806523247833
3.5937666459880964
3.7918833658713873
3.5942019645427474
3.6240879760412574
3.59060763970062
3.5784041327007334
3.579827638953061
3.5963395811451004
3.597173703807389
3.617442641092842
3.6113111195449523
3.6209672673286404
3.591779959661379
3.6437766703539256
3.6021998595462508
3.639179812321486
3.6914123024520147
3.6914123024520147
3.6431397907102934
3.7133563553392412
3.712174668999212
3.5739421998351526
4.493907125452855
3.5816687019566604
3.636573344091254
3.6601021336015025
3.606406138959116
3.616638625847451
3.545869784692571
3.5624553642005603
3.6158316162602
3.5773719206465273
3.678878406016026
3.7080560031517833
3.629281673081839
3.6356975848735678
3.6023978278653743
4.298653959060267
3.585372081799881
3.8095234874123927
4.855395377308429
3.630174880541483
3.6509527938318795
3.611249385630611
3.6810466847768897
3.6076360563554415
3.624570511538982
3.6043530005091204
3.6078237076328468
3.6471058391598827
3.5994833296084168
3.656137835388127
3.589377958629954
4.357709755452901
3.7746760999366753
4.098979026432466
3.8106210058435024
3.768192766502705
3.7759709321537374
3.6372988530799883
3.6588157090827433
3.6304822707179882
3.637985305866109
3.651080989594359
3.6264173836455402
3.6042919547956047
3.5825630531281023
3.6108336059239403
3.6096051296996965
3.6173696933769346
3.640140048908474
3.586462791341885
3.612960431224741
3.6821895610117075
3.63643118835269
3.6686812859472218
3.600249739379272
3.6950012780031547
3.708786401558565
3.6909905733283157
4.687096477785799
4.408370482598767
4.137325797736953
4.173452515666618
4.27221460583869
3.6241540117259667
3.6241540117259667
4.942275813429319
3.5388207732508254
3.835280032819148
3.6841064191691846
3.7148059561280324
3.5513739860010807
3.856325573440368
3.6307876701461144
3.6148021883805184
3.6400766245632323
3.835628699594582
3.7839907930986385
3.577964504909127
3.9564921571391434
3.6636293583449735
3.5970829863836653
3.7210373125407497
3.610133873459463
3.586599239553859
3.989324567941044
4.503678404549452
3.8100788633073623
4.090855057305198
3.529020682509218
3.62163943124713
3.7465205875195537
3.58688894668064
3.58688894668064
3.58688894668064
3.533928008473709
4.202128535655115
3.900741877044174
3.7667072706313958
4.0972082514878245
5.425465542248645
3.68806207315874
3.5682547691133912
3.7978177170971894
3.67813950507891
3.842383209344375
4.09064861666103
3.569531224774678
3.569531224774678
3.549693484422895
3.676873943007923
3.700118330279305
3.6086518963685585
3.8037581675842262
3.843736660505628
3.95183663688894
3.9557275480503145
3.6637638914345545
4.636311372101031
4.054700523294867
3.623085918688369
3.6174807146603927
3.5975127883247335
3.7251707957085265
3.6850841885260928
3.5986474735114053
3.598472549597762
3.619916596429933
3.6696837720334985
3.64857564803588
3.599760326452937
3.611340139738152
4.784138116580202
3.6804137058456337
3.6033200546244153
3.791096025751664
3.548888492599306
3.777726216141823
3.6005674046668688
3.6477246037503095
3.5508081328607553
3.590329338439485
3.610171103360241
3.894940261354353
3.700937898028691
4.209472551793858
3.5451249380096383
3.6222834834246536
3.63904771960964
3.5706836698273863
3.849057509661714
3.5874229950202734
3.743120608090056
3.635720513758255
3.5615889429857406
3.5545654389178036
3.531615921843326
4.456011314367867
3.592601760047587
3.6232873224057958
3.752148251922553
3.7528077394815282
3.843490292296381
4.478415413176084
3.9946811092529364
3.6324176220974786
3.8661634248129233
3.591713035153009
3.9832451967746803
3.9237035688519324
3.642884927104138
3.613942271811703
3.639302474676131
3.670013730259254
3.611834701645804
3.6643628059738735
3.6263275999441102
3.6263998983130445
3.588536494218931
3.607699631836468
3.755439150462913
3.6471116828886645
3.8628334235498394
3.6332290161600502
3.590627122506522
3.557635920140358
3.541354761782352
3.538097135110405
3.5618192797982813
3.5731302189963623
3.6471343332386006
3.583642766940689
4.631731891764758
4.122414815466712
3.579124790385296
3.715159489222028
3.5938181496938846
3.7188186939362193
3.636062380735057
3.572766153782049
3.571934643636367
3.62288718253017
3.6236271181394457
3.6644738064374716
3.6322702228785726
3.785307184462926
3.671306797860332
3.6069588236006527
3.5901595966372213
3.6018996971364645
3.595677400850192
3.618360826214386
3.5897050283264442
3.626031503955177
3.715894813012515
3.6891263357541755
3.676956262182194
3.6026603098130625
3.568970392730768
3.630214283482812
3.580277263459334
3.5588766605317255
3.5685827264845864
3.569988622239239
3.567788010054615
3.574187962864266
3.5880004938821184
3.583573388893784
3.6668708953080476
3.686348034499017
3.8345084755555905
3.626468685602943
3.683375023457185
3.660159521770571
3.6048127429367476
3.594651702626642
3.596939079552975
3.654816049918766
3.6381082050936726
3.633632183115556
3.624882481466357
3.6117758325307814
3.6013532375783943
3.6570677140502075
3.6269578262969233
3.609237594938833
3.609237594938833
3.64052399302123
3.7778692321426557
3.6586552589965944
3.8287652914328456
3.6039979454399718
3.661871852317111
3.7262613858042077
3.619309777749468
3.638218788939378
3.5924464429211636
3.723021052695965
3.6826393610963017
3.6185386968936863
3.5495915314080335
3.639548822666882
3.61318684967061
3.6232983725293724
3.6399035131168915
3.6314798207838885
3.5993030630774703
3.61130585343089
3.871370862052642
3.589304636139695
3.708915309843966
3.753977123343494
3.582795039436977
3.7806080571290774
4.101544505598237
4.124578350265667
3.587397415559867
3.586059098625399
3.597157900409436
3.666462984899781
3.6194204627744746
3.6001932437959603
3.6116941693492928
3.666908351140737
3.6228329281200335
3.820785028749053
5.550752370493944
4.703210672078114
4.637046893288909
4.468520609132851
3.642766037431361
3.6854782588684003
3.6868681455257186
3.7175243041248374
3.6322086922757073
3.7567956675899037
5.089944471855295
3.6016136164300456
3.616717107256979
3.786323771947873
4.005173399137388
3.8435352163585783
4.71100881318601
4.0940640626735
3.77909669566211
4.45098437698644
4.1689275193067115
3.7136276316842283
3.5907395756360403
3.60633514326568
3.599242479348156
3.5991246688022014
3.6396544941825963
3.608005999266431
3.618379148465042
3.723067787205764
3.8377971408531524
3.8926031004792625
3.9079387379224335
4.835069482288633
3.7045458182284263
3.64361255762212
3.609291582548524
3.562964341913381
3.5631758069808472
3.7224094497074107
3.5703364019158306
3.598735244920591
3.6457569254481865
3.6504643685442613
3.5698016818238294
5.038811837683264
3.576306449574944
3.955061932319252
3.718751927646805
3.8310247663128605
4.238737637112824
3.546802782653593
5.407204785230013
3.6235173991833403
3.6026672979080074
3.6466694370120916
3.7258609369313107
3.6277438599990557
3.66129358170255
3.7260852073251467
3.8019764179319004
3.7543182919758045
3.8034942580209554
3.6112729006608006
3.6059454987005797
3.673373621182848
3.616917176143546
3.610886377068368
3.5900486663822644
3.5967268699941224
3.6881099468594956
3.6221071694960134
3.6423031539976334
3.583461230066428
3.5576829182868828
3.654960658804476
3.5871851159706436
3.5977719969060553
3.635410997850295
3.6585412017523984
3.6128922380849
3.6291065762952814
3.5875752734191693
3.6713029662560395
3.5604208100762826
3.5573098566782253
3.5595390314641904
3.5600784150632716
3.722128765574606
3.6101769494573195
3.6202689775597947
3.6342815154210806
3.65833396778483
3.689894671024218
4.1137855333041085
3.736552877628237
3.6286169076949903
3.614767962556753
3.5849487205760737
3.642841973971272
3.622392619651284
3.617570226948791
3.6157077566224283
3.5821931624203875
3.5423637227519413
3.5507015474741808
3.544213945489858
3.6637032061073693
3.5608171013717307
3.6190129167396385
3.7108169271746005
3.614406833217777
3.6807785890479847
3.6435851342228616
3.6265705589191155
3.603091552954903
3.6025467151957327
3.694309576173345
3.584346600198347
3.5815566153624854
3.5999776957825604
3.5943797940374727
3.605043322696847
3.6558418698810873
3.605189509186248
3.597331225430106
3.597112834692661
3.5812668898846773
3.5933623153479335
3.6016790332275743
3.7709794274197512
3.6390012936524974
4.084810322996059
4.50302803377055
3.7460716718060665
3.886825831683194
4.5609455569687185
3.787990746792168
3.616999742469025
3.715739999422076
3.6080359921687806
3.6685337968741503
3.797676692888988
3.736013647506429
4.1612065908493365
3.8235117234350424
3.6226757848764715
3.8135141361924108
3.7472216722150553
3.903030274688937
3.578709198119533
3.7803875682004326
4.258550054925436
3.6410171644551146
3.6400235937277667
3.6769332796183547
3.6086193496867107
3.671398014433548
3.6634143856985526
3.7278788598055836
3.7644737114748645
3.6047524801993927
3.5714170458083703
3.616106348404773
3.651833667243389
3.6274918972160233
4.111082983943532
3.636725050202734
3.65781172833084
3.644415933835844
3.5804295151794148
3.652070869451694
3.556154408868169
3.556305739712289
3.606714744746895
3.6081494440340167
3.629843996208444
3.8101817937413003
3.7843747957114697
3.664716220693695
3.61389881280534
3.63192869819816
3.559872758212744
3.601940548346028
3.634495976584773
3.6410100486006103
3.677555878656294
3.5829122882450566
3.5426760093249903
3.5418211802328754
3.5575751783148775
3.5668724580579427
3.5588128073310665
3.5721850911718747
3.5650221510311817
3.571563767981569
3.5734077731344827
3.568391667702984
3.6254331367926893
3.636280553374964
3.5429285455804265
3.5831090374493266
3.612209394317096
3.6715177526910114
3.6687942949332797
3.618190051991238
3.580550548936168
3.6320729039343407
3.6216536677777698
3.597630047227372
3.6313119933413245
3.613445609883615
3.656982837155782
3.6205244354480834
3.6243306772139228
3.619722621640509
3.685675396318977
3.6113590879598765
3.6397641747301033
3.5695550575356805
3.597635321915618
3.5966806094792627
3.602615137686511
3.5852059523308784
3.7189630737322728
3.621249120325742
3.6229576953757885
3.5997455209717564
3.5923933259366514
3.580073237293133
3.576495149624643
3.5946651067546798
3.565985109421725
3.571451034812076
3.579851985744908
3.613540351049834
3.5773877550809385
3.573661513460592
3.7010551448314186
3.6657633802229093
4.053939032165119
4.298812820917221
4.644798312020273
3.7171678167986957
5.112435606310333
3.590136767017855
3.710750741973418
3.6998256086271377
4.612333388036962
3.5529885656507743
3.7045415247727367
3.7304255270353446
3.893810916427346
3.847951552993868
4.3215454106064985
3.9577040058690502
3.791899054042212
3.5996774664088913
3.7277102372858537
3.5846828717960904
3.5843696519526453
3.55104604937107
3.8327737921658867
3.793433897314052
3.767489861291308
4.260881665888604
3.576815518552927
3.5562699632717854
3.5983091782312115
4.748622890558854
3.6563643363907445
3.9387505029318186
3.564879160086898
3.5731607092606517
4.084709598918536
3.680364495756949
4.054625335390479
3.7220158020864322
3.591399038272639
3.672898102654616
3.641750769876023
3.606290108211601
3.6106874004291067
3.738996103547941
3.5998106677571786
3.826512706656419
3.581856449730229
3.5966611588277635
3.6163022114354573
4.724571454289723
3.690118112751508
3.6176030746133763
3.593908230075791
3.8018004940700623
3.631450440775386
3.6086058014296376
3.5896638992390644
3.5861867324193923
3.6385994906571186
3.5959502007033617
3.5824745269728258
3.5807715943431417
3.5894734981895096
3.5737268202981145
3.707470319164164
3.59246880361524
3.625539535728347
3.5553206005006146
3.578519723121818
3.587507845666363
3.572923002700782
3.5560631913245713
3.5616133155990517
3.6771839246015774
3.7011416273433655
3.752264766956591
3.9132133704986996
3.6971576406082134
3.6013481849614966
3.643024409552181
3.6258653776967265
3.621531691831239
3.624102116488041
3.7463486585204513
3.8931874066698415
3.6185535988571984
3.614379400205022
3.6184665261897937
3.622668940016118
3.5893981277388836
3.6236036988157636
3.649647605164599
3.6003528505280222
3.60766962325963
3.5962708819000166
3.6124459205554853
3.608765463605087
3.6509710989781414
3.702722569225646
3.6990487728086987
3.6259532571285407
3.80767578005261
3.6575033314428964
3.678342233756903
4.714110065426869
3.640160153643798
3.687445392445701
3.9728173555820865
3.589809540629801
3.687558761724605
4.953263912974867
3.9561460457149247
3.643721495618547
4.368600000687074
3.5958236576319313
3.585168148070231
3.539859301833871
3.5228532980621514
3.741519030273076
3.719645646883669
4.524488442403199
3.65927168206803
4.388957752527033
3.552716851072171
3.6083570071901523
3.6634242226384197
3.6598252575195365
3.7885090015110885
3.766570941116547
3.6179778412392385
3.694023777651588
3.5816353306309296
3.5830333261769884
3.6513918168412305
3.6757289376356126
3.5861321936252635
3.618004725525533
3.6194248719199464
3.705871482715769
3.5890088748772655
3.8060819951101843
3.61686219063058
3.6530577836980256
4.595622342481522
3.579916927739027
3.6351671692363317
3.6035013034551384
3.7409846611068462
3.7440127904645184
3.9681224369345447
3.727487350131585
4.117641330557427
3.9984347197437247
3.6538629916939955
3.666802901627158
3.8047846373661875
3.603336714537797
3.621736820908414
3.6616497640122025
3.612878041241511
3.6049027082977285
3.610261935803826
3.6257178992277987
3.606897205391648
3.6605542560811783
3.618969469569061
3.642241253491517
3.5796156861013473
3.6221896481770033
3.6136276440022495
3.5633505636969893
3.964462999484672
3.628292137266613
3.6422506615779824
4.43093347779835
3.5967762592136694
3.636247672050152
3.6106465812305144
3.587921489610531
3.6567442851427265
3.612078856458207
3.618859229990477
3.6232190361608385
3.580942829212126
3.590425778676107
3.5603714327897813
3.5616208711581403
3.5628116026671055
3.5463988747842485
3.5617812421937636
3.560558085422424
3.5850695813755435
3.6249960549060845
3.744051777928621
4.437161482270204
3.7531247918372066
3.6383707295438503
3.63103312460342
4.093155181818972
3.580446778440487
3.6293564337765156
3.603865316136763
3.551200785486954
6.131514153164024
3.666192526612878
3.9138982653977736
3.6322461298154476
3.5945825466765156
3.686971960553195
3.5914285476255
5.529664722027434
3.85990434211138
4.3442846232539996
3.546434456150613
3.61930880278092
3.59620562219934
5.303000956933088
3.68287981635759
4.349536406920367
3.871610725150855
4.276871401950595
4.028168396796575
3.925563420582413
3.9402639807161046
3.5973653105857846
4.162529807564891
3.6700650033860995
3.559728218873164
3.6064908064103434
3.737141357899686
3.6807554583988713
4.575377248945103
3.592417066503395
3.622374797795428
3.5844310521105553
3.5951886372761805
3.5742184972320454
3.5736938328196253
3.593702792029755
3.6016287065247434
3.607765765405068
3.6016122481369193
3.5831417476909877
3.595031170298616
3.5651433989058328
3.572506977820798
3.6074789036185884
3.571235673193445
3.593790871278606
3.6997030626479233
3.676389649194692
3.608913356656211
3.656597538372499
4.643876745245076
3.6731608370822575
4.676455320873891
3.627567592135123
3.560857861237064
3.5977564011866088
3.6023040473623418
3.649162687025778
3.6047428669006885
3.6314365447203945
3.6373802620950695
3.664714820218708
3.665100333775788
3.6127123538521446
3.6144477526724517
3.558622721546632
3.6107310814830806
3.6001868359257307
3.600599651579898
3.6781626282972555
3.601666728048919
3.6555980833408954
3.656028651103463
3.5896104456555102
3.5998109680188115
3.6011193065003195
3.5764883822597606
3.5134265630467407
3.579544051962061
3.5848789140717146
3.6598775921947952
3.596968507617077
3.7024370145496284
3.675240696437982
3.5876856863789532
3.5969308819432966
3.6280997898209866
3.650670263122327
3.6021653036212533
3.586681847343719
3.577459395176511
3.578302032413995
3.571535359949374
3.677391120803261
3.6434049293208477
3.693321481388674
3.611580954464315
3.7305625264506634
3.6149154445782945
3.755613214238344
3.755613214238344
3.6040931370385327
3.5619296945415266
3.6120977600160615
3.7362617724235823
3.5720667602345317
3.5710217702395197
3.577657198748928
3.632132294970943
3.548158792936789
3.546076679109021
3.574537136151984
3.712330082493307
3.600519375360636
3.5920170618472644
3.573780176361113
3.61566291662203
3.610958660493443
3.6060599072057973
3.62535077649722
3.628074356413111
3.61012098511434
3.602725059523635
3.587618525922061
3.631785878683222
3.745698823691286
3.5696375633442
3.551565709950047
3.6057485946350796
3.6090427817958366
3.58415954469931
3.574575713505708
3.6006744052795185
3.6665514501965584
3.618584812361246
3.5951381498284976
3.647344892858539
3.5995814230149508
3.686251123667339
3.688713329275842
3.6150762024186083
3.6039916309305995
3.7743296639601303
3.60654705646751
3.624041355658034
3.637914086041506
3.61341283437618
3.708218551458435
3.5770179966356004
3.607321074292873
3.5983829310134565
3.6524653883468026
3.577210085824693
3.6289627667925726
3.6165783908246247
3.6513905245135048
3.6366315892331365
3.605294694089959
3.6072496565416143
3.5904625966548016
3.5999317018850996
3.6026771577600165
3.6064032508702932
3.584511201999411
3.5867147649827134
3.616349656259561
3.6264394958195805
3.5942101828376725
3.586474508492401
3.8856569038527
3.635138380787759
3.5797723035877396
3.6672588726765634
3.6131376827458497
3.654286981558573
3.635909888857582
3.609136928062103
3.6196841315764106
3.599281213084414
3.5856300408603348
3.5748697544783643
3.599066981237912
3.7085716597280562
3.612482856756682
3.576066955530839
3.6287622093503566
3.57392649659499
3.575175289815168
3.6241682558870627
3.5807784988230162
3.582693072658361
3.5777774364769774
3.5645515379336334
3.563342998052847
3.5871541988509534
3.5860487404558614
3.70978308761753
3.593959085637413
3.605306381458821
3.5794821433368322
3.5640871413095545
3.564015454021592
3.56237236189747
3.561969303007814
3.5675333703649277
3.567275572887847
3.6389081320249606
3.6064654458177374
3.6410055366917717
3.614806450694467
3.6226008093711517
3.6413554641499135
3.5536435836379496
3.610988883583914
3.5856955724666735
3.5795109184243152
3.7298661627985075
3.5486887022218063
3.690703033751671
3.642254915666199
3.8357058178902124
4.215137573434431
3.630395829490862
3.6514036844926427
3.63234926931572
3.621358758918412
3.595112436337476
3.706689983295616
3.618641600975236
3.6693718172315943
3.6244291821611294
3.702245948511408
3.5898136142641768
3.7715583159059003
3.582423847496775
3.5891749807532483
3.664766367168977
3.630542094325221
3.5969710724507666
3.6240223825336817
3.6224736628230527
3.6117345879589666
3.6095070640065763
3.7293610690673535
3.6937259253408
3.669206886011512
3.571712551096134
3.577503379177022
3.651871507579927
3.5984115480896617
3.5842574901047195
3.579050588602585
3.898406959132452
3.557897797643024
3.593248741109572
3.6866123301030136
5.567912495795374
3.751336222423748
3.602210548210176
3.5919591762977294
3.6054624849394052
3.666271721394851
3.6639994217837817
3.5947410049675517
3.702770989761667
3.5803621589271994
3.614745067346059
3.613530982784022
3.750874992345223
3.82379739913114
3.6734662017458364
3.6457849724056537
3.966672369304682
3.8956750786094823
3.9473796488248554
4.277914372608241
3.5201679534375176
4.331592737336613
3.7096866772627126
3.7754040900120627
4.45165128211894
3.627180634490296
3.611671643394665
3.5587671757433195
3.538190966761331
3.556263905279745
3.7883899471214706
3.6744549103569146
3.644395906579698
4.245785076330858
3.6325905000045178
3.6550477586178607
3.697185625118217
3.7243099079696314
3.7654308128432348
3.643735527298736
3.61128418839255
3.584484979726346
3.6329673729479506
3.659125656586327
3.6317973165578685
3.960388504074664
3.8721835677343206
3.724537046324703
3.677855522096964
3.590782266881699
3.5691886663657733
3.5574986004802223
3.569030108245465
3.7011607497983228
3.5273153362635945
3.5448649979429665
3.5677259415485163
3.537588019323935
3.663955733723371
3.9500344772792033
3.8673882051163564
5.0413068966151116
3.6652936590121103
3.6192754579355606
3.5881700288188867
3.9877372774735544
3.6057108090880137
3.6736481729025936
3.6736481729025936
3.555341070998174
5.305577857984927
3.6128612118319126
3.7109958921095103
3.6684838716721035
3.6255586677469296
3.943825993431812
3.5856739526853287
3.822486124329516
3.654491077043065
3.951195219495032
3.828377353895633
3.734136119123133
3.5805578317447377
4.852087423078968
3.663003176425888
3.6542098419345326
5.049717364120126
4.890465624007797
3.6086667503102183
5.34161460916404
3.7280910313400892
4.039349772439627
3.821399172656875
4.790889947745828
3.7776590943581483
3.7247465600312126
4.149593427253555
3.7191826941653785
3.629791695044668
3.766749788302998
3.6588800503800707
4.361759866555991
3.6690146722395314
4.001612169212862
3.834109971862937
3.9520433993704986
3.757213348763894
4.901244560822628
3.8471271357182335
3.6086539392189927
3.60150007306651
3.782808759141223
3.5788425113354436
3.538196525317919
3.575297841812426
3.5838540614738603
3.582940907954196
3.5947831644041757
3.6020935475615734
3.629237089222042
3.6559754908510884
3.6220074517537437
3.644817475053233
3.7134647129571876
3.629257370639163
3.650543466079885
3.6391370406847727
3.603264877257609
3.599699378167055
3.6330801036159777
3.5902636173796916
3.6042221960714143
3.6090462954982816
3.5679848142562816
3.5745754745092215
3.5276694711170644
3.6585227069104236
3.59715235191414
4.4227011895783965
3.5696572655063448
3.6206856418852995
3.6335240924307293
3.665163991514022
3.6003963701507544
3.6158901421885163
3.5505535283008194
3.5627855081004642
3.568313658350342
3.5810247327508797
4.113607335118124
3.588941087620409
3.7237316889595204
3.625832523880094
3.7551468828210925
3.923296965274267
3.6091815980171527
3.5743681184066243
3.5819642577127855
5.150890260908133
3.963288403823127
3.903695666099852
4.359959614342175
4.606758224457484
3.8968921685380633
3.605592590307563
3.729397947790667
3.986497943510579
3.7842670958239855
3.6399299507800125
3.6204287362100906
5.842924032261385
3.6175144436988464
3.813774341131665
4.397791916827829
3.8563990454087658
3.9913711386158237
3.7353185577308294
3.6971125604687645
3.757379607377213
3.6421081545151317
3.6027103907642446
3.5788481178968192
3.579962529286974
3.57415274813631
3.578636798527626
3.937138431412551
4.395569101520162
3.5796576099338906
3.56279118693945
3.564553214255692
3.599585523619507
3.6014379424678156
3.657185895145882
3.6000103704201867
3.5764335450143947
3.5941608848054374
3.595946706966714
3.678800179509012
3.595202896424987
3.6007393249555624
3.6135824120725797
3.6220930472135997
3.6487292029423113
3.5903643674867523
3.6381287085801475
3.589122310651492
3.592392299794893
4.370267668950441
3.7812856161772377
4.064196354298851
3.9330263232131077
3.842566460552993
3.7674952851564987
3.6587462420002064
3.5782559994625203
3.5801153778226142
3.578685149972564
3.6397393063164194
3.5985266196539003
3.6048388007440133
3.632997362081399
3.709052750266811
3.597276861290256
3.6379183183575674
3.5856730172444173
3.6723689940813933
3.7221904620774846
3.645625979471583
3.587534964607232
3.6297230809075236
3.910834661831207
3.8858181605196664
3.9025544930006206
4.325461531786352
3.6128789058605446
3.567234332120859
3.8330082079022585
4.164395432084987
3.7022819046466147
3.6820804488426133
3.9203974868671017
3.918014990529422
4.100325242141167
4.130444801543061
3.9927851396731993
3.664921541935434
3.763731638515913
3.721743572001555
3.715123474131696
3.6126622927390786
3.6260786419617754
3.645261726803938
3.7534613842568665
4.190804120030749
3.639733131037239
3.6863238976471724
3.6159307976299795
3.5693340297895437
3.60326012971675
3.5777836478555045
3.60687329627592
3.6471447185219894
3.616847482546402
3.5837356225506944
3.6774392952472215
3.6519746111722826
3.6674928751951112
3.5733459523927826
3.655660019316258
3.680004934260226
3.5729936254155716
3.643612824403199
3.6074817199872653
3.6308131227485156
3.622292935219643
3.590818444316898
3.6655049400560475
3.621489346787867
3.6290190223756724
3.6028486566240185
3.5854834502863078
3.5565227887398403
3.662637763222598
3.5895837039657232
3.6554174663985344
3.660935754047226
3.612830799912995
3.597350080977681
3.667395194185209
3.605274101520565
3.6741678951165255
3.5861269372772497
3.5811140937335226
3.6068241061740745
3.753864815402037
4.095256922933537
3.7821896936246793
3.5947554313882994
3.579880981075064
3.5522993135155065
3.5999481986866955
3.6303560314656473
3.589180156271148
3.654753639146172
3.636293908204025
3.6585295600775116
3.6457875926521313
3.6241486773806137
3.929625289241588
3.8689018727723887
3.653758818815096
3.615814314692611
3.6446888706830545
3.5553088516489053
4.247839109780783
3.6122284063045322
3.920662028974588
3.5756542481240126
3.5408406051355192
4.05837964116732
3.5450097780131133
4.267001693638067
3.6676014277574676
4.351228843646269
5.253648887847592
3.8701998463430334
3.736603622357945
3.6965596990303133
3.750378915090711
3.9412304808344754
4.024725312957796
3.9455224316915505
3.588309301375097
3.651765246495499
3.579304367738872
3.606770824154718
3.656559320138567
3.6173079037398352
3.569612857305799
3.601527774967769
3.5976399255598523
3.591099179854935
3.824122462081318
3.9288174187797957
3.6035252711970993
3.59366108243652
3.6586969933142175
3.613754937047065
3.6709206000902315
3.895703395584958
3.621844837111965
3.6767788346003076
3.9634333648684095
3.9378687081519623
3.6375041983758494
3.590881051518834
3.5906798805276745
3.5597903625046374
3.5842426422847082
3.5978097610559177
3.6404396697425505
3.6315285741207473
3.6215201617319925
3.6244637772227737
3.621750725877849
3.565483730182578
3.6694695248428104
3.630504453279703
3.625557828312494
3.60377242171701
3.629889274473469
3.841237627119231
4.389458896659584
3.6186664607200303
3.6118162009499692
3.6567364302519643
3.887889764683732
3.7068478735735932
3.6393682273962753
3.588884522603969
3.5633874586129926
3.622631775760111
3.551718582654033
3.6457235711611164
3.6967699363589928
3.6077941539917884
3.7421964463041952
3.6505841688743734
3.6011210264270925
3.5354341140712515
3.610278347470309
3.611110579810145
3.550002647236321
3.6635048935286223
3.593662712655256
3.6317422407913282
3.5954690175480413
