4.873924434702365
2.5715807292654875
2.6093345264677246
4.520433929334032
3.625442032530493
3.0536309749607704
2.9878611576870937
2.7685702590391856
2.9930916112201453
3.080705377883933
2.9514196941267077
3.385356039440982
2.8706182656337345
4.22621309118709
2.613011818486749
2.6219310988536
2.687642993023716
2.732922395659673
3.427661585281281
2.7661128510522754
2.656570026199016
3.0419914416485656
3.112177175286003
3.076993487509909
4.101931634319291
3.8473182910250627
3.4769311918458583
3.8524972367735306
4.317371915691501
3.0627376347942135
3.0570919655951445
2.854824711622678
4.425944374883221
3.082740366625769
2.56440790102666
2.765665375204777
2.6900247502592145
2.5710307959683445
3.3668538716682512
4.930428667888957
4.665700044263216
4.302502286675785
3.449329689223276
3.187987138598849
2.6848379169107535
3.478425629012178
2.7553481978811214
3.3321165626056577
2.862141810692423
3.1974470618082127
2.9435824555612005
4.4740256944472945
2.6799042032262568
2.6286380415359263
3.105300147593828
3.105300147593828
2.636672209815038
6.342314330195465
2.5990585530817487
2.709552806489991
2.593203742198836
2.57350386216752
2.6666462053448736
3.4057244030568117
2.6323774114088083
3.510855838167292
2.757611358820518
2.785356949227679
2.6970405840919547
2.6570181700034006
2.781852322718589
2.5763996483978246
2.7721925472129674
2.579410343704975
3.506290436887508
3.2269688963419707
2.6146265946594496
2.5618406508528357
2.557395628809206
2.5661092787619237
2.5702620918376278
2.5460094143949177
3.4168028044059193
4.240304970223313
2.7596391252741874
3.693850818678477
2.632837428925056
4.998958665116011
2.6006215215264548
2.6099097306884116
2.883383772187225
2.9248737278197794
3.438417140219112
2.6628006393703147
3.303651673069963
2.784008011576028
3.790025549847087
2.6798229855577915
2.673305425251086
3.0562493917338975
3.4771768370512186
3.1040482181676925
4.294685658093203
2.725705294398726
2.8595501450472103
3.9727298214325604
3.4638766480775782
4.677928146909956
2.630069869847364
2.6552387499164185
2.869395772510844
3.564684574429609
2.9092555511058604
2.6299635382661153
3.341602999158878
4.024706999622344
2.7013720067065066
2.915377832510027
3.8443165607742515
3.4148038645949534
3.8253785991942646
3.3943292864897514
2.946132632108487
2.7941940854973892
2.9443017892047507
3.0725093580047007
3.753365646734819
2.960687559197794
2.7790872289996402
2.8963915514520133
3.0067053124870053
2.7566992657378098
2.786291470274285
2.7450836543283144
2.6012952092931405
2.6426129246632346
2.6566013137618176
2.873527488639642
3.1429274901299937
3.5682924681211903
3.4741216073026577
3.2361796969126924
4.498569221289689
2.7809789138429126
3.78433661364063
3.6553305090261263
2.823935713732481
2.844008521030913
3.343973732211488
4.059821348758897
3.6957916649477967
2.9293074336378684
4.442585271453995
2.749306985767201
3.037371016349433
3.348205346372298
2.8224146072197653
2.9835191890708375
3.108301758940225
2.6039203814560117
2.782153837472461
4.180315786769848
3.3690626712019123
2.9960305160091645
2.755953328405712
3.49450651739214
2.7446590779892492
3.1494208270983224
3.419192838387247
2.7148182569747483
3.147756766695022
3.001041657260118
2.6348977877183506
4.491355209790432
3.8763060176024875
4.912079719161013
4.757549618152629
2.9176196020743634
2.6355299168428696
2.6316295924773208
4.008296553496038
2.8551726528664765
2.788103008679891
3.516384052950349
3.0034736897131973
2.6891900637790105
3.5506183961966644
3.783127770558732
2.8044607729621314
2.9277079993922235
2.847610882931006
3.1208598174944466
4.008041393413192
2.607964661977731
3.470142910584318
3.1400437447216403
3.8427453834774785
2.837178186317612
3.211860339314398
3.057390764664009
4.212862775787466
3.7607756038233138
2.9853356322281526
3.523106560867417
3.419666053954841
3.561917145463986
2.9323541090319054
4.776427510807089
2.843461543290209
3.044575276752692
3.229711711589043
2.789844660000535
2.7775576872290757
3.2842660063396845
2.590007729006157
4.704247646010109
2.9979007589645112
2.6780485371600125
2.6390060908557635
2.7026279925730226
2.6780978361825913
2.70336758054287
2.8431550874667346
2.891679974068037
2.713004038041594
2.670096500025415
2.7828912287438836
3.5170258454398224
3.811521764165317
2.573264462374259
2.6040773252457274
2.8200126478853393
2.7773052655693107
3.4961886215035523
2.960051704527778
3.0468507625839987
3.6729978992238586
2.878662591014254
4.424350276918888
3.7599275331819317
2.7167606634134667
3.8433251178637153
3.7603001856846974
3.2722654413842966
2.6138486330322817
3.1626412390029683
2.8352242919798347
2.581578348337559
2.883607975604586
3.8618679506425044
3.0194088865238258
2.768100656168969
3.009604962332123
3.392668195055151
4.442538206168082
3.102604271005295
4.182186988770517
2.675733566364707
2.5907753149232833
2.9264775626193567
2.8407156085184044
3.3235749234548866
2.90473515173336
2.6357132870295805
2.962804754488874
3.043142242728395
2.842174329270779
2.851849581898686
3.0937788138118543
3.08379886905379
2.672600011804249
2.689460241438778
2.5903972800738178
2.7179384083183207
2.7375924611102467
2.887044249981675
2.8406632918961723
2.989098250154166
3.0014534124109176
5.114228531241187
2.7473004843665905
2.8659292505104808
2.8884867642861147
2.7164324667502435
2.795043965031323
2.9590184784753486
2.773711780129201
2.697532866559748
2.954576387889362
4.0352795770919325
2.8344203322627557
2.930421665963518
3.3017348847443775
3.387286058345511
4.005310352991971
3.7836132539126615
2.99501405511724
4.111075480785543
2.847003977708377
2.5864525178040303
2.62764563258307
4.887940807850876
4.454184000131952
3.163320784979272
3.2106105049932556
2.7861774802947465
2.9925673746033796
2.943156347750923
2.821364073195377
2.6103137967668864
2.608481199552301
2.57246262990218
4.676211846769315
2.723444842784653
4.9768769137621955
4.964803562772483
4.195700928322456
4.1721481926597495
2.6511351152471594
2.8284743022758287
4.11940693515952
2.6049503992040584
2.7648994394059665
3.2020304171576845
2.8596722457594663
3.677126401032864
3.450914593450504
3.2688504909523566
3.721577428555465
3.49845387682492
2.599749307071113
2.636988993887031
4.2458272982302026
3.7576692055650023
2.7340709137092127
2.9655418942697667
2.6722088910853
4.105078629587478
2.6661899484578866
2.6118876305189103
2.83420104229487
3.1773769578319673
4.961669097406249
2.5710013731091523
3.973364096807515
3.0906195367590765
2.771098155014483
4.447034815729285
3.0708747034118673
5.320583368183424
2.599465367131821
2.7959621299109645
2.7400908297244557
3.112678746592083
2.875722814178406
4.844396967200713
2.6799393220027805
3.0103291916621453
3.800376194809188
3.7823467349447393
2.7808912104011076
2.55693793817781
3.384103927428194
2.597797909786567
5.068073446702073
3.8220772622021686
5.055188857918906
4.569372873208653
4.134581214503794
3.634951339767917
3.216835036092193
2.6439496530200524
3.0863873396629273
2.893268223170516
2.7585145997751104
2.866391484271562
3.7062285412730738
2.7896875822456835
3.1878181235634386
3.383116237065484
3.1521661361509494
2.6550402683119656
2.7365262147222666
2.6135538860348957
2.8187069905310027
4.265129602687404
3.195647097929875
2.7797800681667515
2.7527518347455224
3.100423629941698
2.6539808150858035
2.712392408738139
2.688035315906547
2.5989067041346616
2.576006813580467
3.361472773621049
2.668518571293743
2.964094285725949
3.2590468734240283
2.9998721567221134
2.727456625094105
2.819305345950672
3.6667650825209552
2.68880624033934
3.0018536855744133
3.107722450515067
2.7784359206030715
3.3014074132322886
3.909916122040041
3.6357944120242833
4.321124729073033
2.6825684654784268
3.6067323089905297
2.702466283159352
3.504598368974773
2.5987057080714813
2.5685321379090933
2.58746952877688
3.3417415019892065
2.6526984766338764
2.61190790113688
2.6182207582575607
2.610528753854208
3.866573494361643
2.6060992844761146
3.6831484896914377
4.486094330333888
3.2152915736765872
3.845294458671421
2.7206885737281263
2.70412575661685
2.837394427530857
3.006683425215007
3.135013973349235
2.887936299476571
3.3850173415010225
3.3836655694308346
2.949347787886493
3.0229173310163304
3.1437010311274785
2.8384197832268976
3.676182853097137
3.529490110419344
4.789192078980608
2.8197313764893868
2.6233332474573654
2.6412002334688
2.711126974013508
3.176762202605141
2.6741208006034443
3.2831478236178273
2.6986369966756882
3.547821862909585
2.7356021419317127
2.603077669790095
2.6243139319717637
2.738078865690466
3.2317153717193836
3.0689319436916302
2.613988278377242
3.5161584680467004
2.575136210201881
2.55866757315289
2.5848146852939413
2.549092035781022
2.5496586779640724
2.550906999051626
2.639923380473192
2.5953259438190295
2.6074825240658694
2.8081562568233656
3.982322824177454
3.7376631526932873
2.664386491977423
2.7253747838484745
2.610112100694946
2.572736504077672
2.663693018976109
2.8398687460700667
2.7052206091168673
3.336652101820034
2.73628532247637
2.874100898478974
3.890323358849844
4.557405705049101
5.095403696563843
3.0822595525620007
2.761912719498194
2.8337312849349985
2.7622461451691414
3.974792910578288
2.8428283756391144
3.5747728431911203
2.964818180460644
2.8407129430262037
2.792961638875508
4.072294583307244
4.438757093911882
2.8384737020824855
2.9886075113980617
2.566721444773931
2.604658990594055
2.7405489646099035
3.288239800662031
5.244782878897577
4.898882885593618
2.8850051493117714
3.247386798757095
2.5905470295783175
2.5735453688427
2.609045078519975
2.589199883840342
3.3738430239152875
3.462160593485586
2.7448281658440594
2.8779993849089567
4.773755194254118
5.706482213586243
6.368117570507464
6.606288944306828
6.421087309426207
5.615444032061238
2.57003617023225
2.574836055462949
2.8306958933220647
3.3740263014457628
2.871407966687921
2.8627162530748422
3.0080896226166614
3.8539171937321512
3.0572328326406977
2.8983084207508183
2.6538106378904276
4.669289905631993
2.7830534007301972
3.248396522687311
3.008594387062593
2.693061094672304
3.134434255936985
3.361628972295529
3.151543239059597
3.5715552837974514
2.924158092533495
2.8386057902168944
3.3908930466001443
2.6504478911131715
3.12081277254435
4.486660498154515
3.541987262589744
3.1988891675406395
2.750145374033221
4.755314434603212
3.5021432639889234
2.842210428210457
3.271675806264425
3.648971333145739
3.720682840416291
2.750322836009132
3.2145379500113087
3.0665241586326886
2.828734658665723
2.6180776493781046
4.894732918759408
2.6081226236013064
3.276601461907222
3.4365189070685473
3.303291501520064
2.7356420114830424
3.504145744947235
3.02204545283436
3.506301393050937
2.853503048770499
2.7002815148673918
2.835901425924742
4.103136454825406
2.6489319205765662
2.6123618239418342
3.4423784315874357
3.050819415508412
3.046424975607147
2.703334630044903
2.8223240665605185
3.714083823525493
4.540169511575232
3.615156913976362
3.5747849784332124
2.836131307659935
3.091883756854152
2.754421085011514
4.530334587921038
4.363560071111252
3.3775922325855996
2.6337707059110467
3.1623571951772678
2.613357308972563
2.7438725520202354
4.032839281008334
4.038091030731414
2.762444965620574
2.7437251976676618
2.914277338112697
3.039888655634908
2.703843116250564
3.2059525444788166
5.592842468893785
3.002167644143017
4.465073443385572
3.321916126368878
5.657107095929566
2.857582034772184
3.7601181573059934
2.6924304302243933
2.622175469252314
3.5994991763969515
3.0685055451778194
3.931247129816094
3.8417711747406385
2.60155012983609
2.65328872273405
2.6973198332992934
2.626552091454751
3.997093458138828
3.416889150539905
4.530674039793409
2.571534693623643
2.637429687193278
2.59647474454786
5.2509168461678835
3.3237079014385196
3.0155156635355977
2.592768862406089
2.7097785793611537
4.288933859499419
4.294198631606425
3.1061931123558257
3.217976684973782
3.3844148959176605
3.3042987689287515
4.886098636006482
2.567298773714947
2.7863320333104107
2.7882860712287023
4.525200709573873
4.759941176987431
3.719133278442003
2.624700122232361
2.5758220206333178
2.6432196643867787
3.167095169812015
2.9736325581014027
6.40565934256493
2.5983305876307297
3.625297274337422
3.0787615070239047
2.677828058904585
2.6669882865696497
2.6995780044745983
2.7234327214025864
3.598934547094215
2.7992866252977255
3.3023627552897077
3.047769766755633
2.572825895820803
2.7038868675041
2.9962357767628127
2.6277913710500167
4.173864291864777
2.6699375924883055
2.9524219110655094
3.0180999300587197
2.909491464120867
2.7773125811590385
3.3102873530691443
2.647244341927161
3.02144432370207
3.109592570589638
2.708933435629112
3.054604723771455
2.8466490979454786
2.7028393376525908
3.3103291085918642
2.8842491552685443
2.7078690029667327
2.8005825048764557
2.593011269105702
2.5764840914041036
3.058108379674918
2.6711556683419593
4.812702140883889
2.6470190903658066
3.9597833669033955
4.329617838548902
2.6107648485532424
2.5655803329644478
2.5768650995072697
2.624163246633419
5.478188123293375
5.743046358554406
4.777404313847729
4.501781320470086
4.479859855478361
5.4861730109657145
5.283852088652631
2.682657577538762
4.498175938047143
3.013923611785354
3.8355039247113276
2.8367539541379005
3.6066439946644078
4.1331868621424075
3.7917507304634173
3.6447855172178327
3.257871053801698
2.9787308429031207
2.7398657068761962
3.9120096578781416
4.028360592220364
3.3928997868493598
3.3753241462780563
2.87785913287192
3.7335231015189922
3.1833365174868695
3.5150240592286366
2.9963961310400897
3.1600363700806833
2.7195697999718322
2.7463415147472645
2.697600701459703
3.4181744420299296
3.5660600321883864
3.7863125576482375
2.6969649787245666
3.631139311713424
3.6842834914803526
3.129442006993314
2.682566417237378
3.357975374140503
3.055755444229483
2.8030474427083494
4.142999666234518
3.4514645098391323
3.6779294811168133
2.8968587863716735
2.72255962489098
2.8610625976492434
3.6647826176200513
2.7167541295799733
2.9359068635565375
2.7440519567143777
2.6134149848169033
3.524735008602831
2.9536525628798076
2.95397047931784
3.735117192735258
2.9385918562971245
2.8898236797408394
2.898473181001688
3.412291900203879
3.024588947271185
3.414158514995441
3.9516172638699754
4.3903260279924305
3.469218698265554
2.8710687435014695
3.0663676728137563
4.1584495392188
3.004438815633283
3.145372299685968
4.1177791569225715
3.5854386043222917
2.935708003802378
3.4940330149102943
3.0220802524810892
2.6098962884731947
3.9974513135787864
3.5182864212339995
3.3315366532506117
3.9884324982393737
4.0313560719238435
3.370890382289918
2.7039023109955314
3.3960942747804994
2.888931844178267
2.632913694946918
3.4592627788299217
3.0414596814377464
3.1801410592105515
3.6332844916546994
3.1576659635072697
2.880108688603428
3.237495900529736
3.098038556410818
3.515949073551954
3.0277765323019903
3.3993649900553273
4.168090174735838
2.977362830558774
3.2580235299445697
3.375937089908825
4.167124873373503
3.2422028017397304
2.8605460999338037
2.76750813808141
2.7376345776119475
4.194846523866072
3.809775950075092
2.6480732751295695
2.9205836397778797
2.8789373379437877
2.5659257791311862
3.018893667102269
3.225767750936418
3.1285897365027084
4.07696711181162
3.0200706481001545
2.9375397792429716
2.871079891820442
3.4347684820198827
2.8137435335130943
2.6707960721987405
2.63442074492501
2.647959207136727
3.150085495209791
3.1728859544495407
4.262746492633071
2.704919819721667
2.6794472338461643
2.921460321761155
3.0951826089049574
3.3054998626835412
2.6547512490005403
2.901909752663636
4.732113838579685
4.705493089894965
5.775052325369906
2.7287330113956756
2.99268003466214
4.1395913674635185
2.997958622677104
3.1935219979291096
3.896592728950721
2.736001250096126
3.906787166314464
3.1031952631053286
3.219576791399162
4.441424799505501
2.7993852766476657
3.2867020501039885
4.6000127395292045
2.6428617809138997
2.7652563864177075
2.7427480573880705
2.94341625873853
4.146526389609583
2.7292380095498654
2.723301937434235
2.645177868109429
2.639576192480959
2.7848093722041045
4.7033598771046545
2.6173713207792173
2.997506045342755
2.5585101110933097
2.5647004228611934
3.103601351342647
3.089192180197359
2.74363948351693
2.670326644333031
4.47305711178715
2.6652515784704853
3.8918871270408975
2.8648318753622597
3.7618930620242654
2.8978230695399096
2.964348806020805
4.090121160764234
2.950904993989322
4.5617283840494816
3.0511303439560766
3.879667778834729
2.954856776870264
4.026733844819248
4.049161840811923
2.918166694426356
2.8517562111497967
2.670622932112869
2.6668552258023475
3.2621954180207435
2.9593845268872334
3.3192538756856864
3.50734159022855
2.8486524140371303
3.040526058202337
3.1340038596549427
2.8871607428580184
2.755381276296591
4.171804989405625
2.9316075674156146
2.6486461642781163
2.6533492355080894
2.8643144373208482
2.8833730596960745
2.6160252859783335
3.470865813366151
3.9034248977092885
4.355915052709738
3.7189702179733413
4.574004340219528
2.645120351819807
2.656131937239892
2.6040334826002027
2.6208865902344254
3.963569361081065
3.1491360205251917
2.7415941673896445
3.2690641245348986
3.5759129902540105
3.4903318540720942
2.646448154472064
2.6996450023698344
2.760329626952851
2.880063362509537
4.243001394416497
2.609198409220479
2.8410669299538265
2.8940099100750274
4.360382403406966
3.2821320366612996
3.2858762435389233
5.133885488654877
3.579153807487718
4.049968214660222
3.545188033416902
2.577214350677459
3.093444376834203
2.938968558383097
3.871228471781492
2.9062970875761014
2.723790197856302
2.715405435868715
2.5700420572999545
2.6418624205541383
3.2180174085311912
2.6504342226650337
2.829137354948579
3.60637667995268
2.8509146419244704
2.894480430968871
2.9208679000078894
3.5423975203487514
4.22982951125983
2.994152181911024
2.732381092341491
2.7934636484234843
2.708061337276638
3.5321509329761707
3.344832362812552
2.7821523058122772
3.212525096726319
3.121177729299019
4.32554548659671
4.052959279082717
3.310699343052974
4.2981215087561075
2.7730184763973487
2.708622612213727
3.522832261366248
3.835195462269886
4.472257665077463
3.2426511015060187
3.2432931736530834
2.973263631504123
3.925451455736827
2.689485218608498
3.129928981291371
2.7817421577835684
2.567376806267049
2.969597286302469
2.721469427609565
2.7219716749316305
5.7733229856575585
2.568740798220074
2.6378097152411497
4.494081101704301
3.221093531907639
3.1217911267156566
2.8157424285126873
3.007781516853627
3.7420190341576185
2.970311594475879
2.7708046159332227
3.0254440783674448
3.704776177136666
3.661050620778872
2.7980372544577397
3.175909286721145
3.6337016211348265
2.749242764617691
2.7685927086584745
2.719196120798463
3.039048233949199
3.1797750569503247
3.1967887889223006
3.2595663504646977
2.819429922143609
3.2928706246767145
2.7158251955592445
3.1207429358532477
2.9231053058567165
3.1394894433831078
2.7741930122572205
3.8594935436855433
3.1094106254634024
5.002077187361404
3.238492859946488
4.047999516658391
2.691272983971326
2.9865329621000196
3.2024577072943963
3.4734584452609543
3.000269718367125
2.902097242756809
3.0031507163459503
3.0031507163459503
3.012529302517927
3.115532833901189
2.619458443357236
2.6826015110405854
4.467560313270815
3.353239589081933
2.9021207281238732
3.18163935920062
3.181152424631364
3.1378422320300996
4.505136327889659
4.711849721033596
3.923593903945828
3.983540937338158
2.644765251776656
2.825075179384402
3.9671131669648196
4.475979517161814
5.394986141899287
6.208881988581345
3.3305627700834424
2.9709394145456356
2.711996220419311
4.533663690514836
3.0237717519167764
5.225132899962958
4.108627108735465
2.887028269227093
2.6968253830377167
2.6047262672961358
3.3179656233975328
2.7027013754146787
2.5617214533629067
2.6271625927373976
2.7381848429297935
2.7625213871884373
2.604617902656933
4.933459887634741
3.728295598908289
4.192920236703228
2.741638860340272
2.6889619342822613
2.7093328839007196
3.949000970933918
2.596087822524457
2.6418138727998377
2.7033459032013383
2.9855203723616173
3.0461330129980846
2.664866639321196
5.60670586908588
2.671417456447124
2.785070096438592
3.092155062932446
3.376342803743305
3.7764567110217664
2.9744890070309618
4.007919699885293
3.9740749629010774
3.905691900857372
4.419895376486764
2.57742945623078
2.5995279419813313
5.051299912494423
4.99885690738056
2.601414948963031
2.6547617530530485
2.694289874815788
3.2705163271612823
3.1219059784602563
3.2620424222661226
3.0056912515884036
2.7486947891948823
3.122635602430436
3.7376277171455214
3.4540732695282204
3.131723234794946
3.295708603623818
4.263275630957947
3.83412850454841
2.884674574954102
2.941610716818875
2.7618090594319105
2.660390834583069
3.169176305139504
2.7166903532155633
2.64060580545579
2.767509061365948
3.8276502940457773
2.780761966407132
2.6603512806199365
4.657426825464035
4.120914658101999
2.7037910670136753
3.3723956461957427
4.023764105692593
2.767552707405559
4.583731238995001
4.777316377290852
2.8087741726593185
3.1440510475609607
3.4532722605125494
3.8203685713394804
4.140007095959424
3.1036840500399023
2.8759618540860115
2.9519527010755056
2.6224551633802307
4.352159228157544
2.904211861358141
2.7141569526239593
3.0653162175924327
3.000701007765276
3.825731711963668
2.8766463590551727
2.7237178406492486
2.713863716038531
2.563439611698681
3.2948276089178963
4.211758470268078
2.7209925463349407
2.6326599483297786
2.60170638233522
2.563573757707327
3.427494652813661
2.686966315722339
3.082785190748043
4.110344348779325
2.6522474853244695
4.659203257489885
3.821204778656747
2.7410394523676653
3.22043786821122
2.671401108526752
2.6874475106205873
5.471519025993876
2.610473757299716
3.742464021716845
2.6200429873230773
2.641389263323127
3.8063502010382284
2.6687850825508566
2.6311192260495058
2.7484191054868328
3.8748665450932527
3.9432668928530106
2.9105901222492148
3.2081322608608938
4.1493547714648535
2.85904681559171
2.8916390542430532
3.6666965644121463
4.380095503290016
3.1610375827332673
3.0405672608990253
2.9143347948855856
3.1104930731775267
2.6688483308152664
2.857820708252722
2.923775365591227
2.647892242515
2.693630542735149
2.7932661144498754
2.9869848345692924
2.8469632836214114
3.0316634451316635
2.6478348124461744
3.5793170259657088
2.788996514460775
4.203736803291673
3.033083526646112
5.486440566082001
2.5608119889414525
4.831581574170272
2.8204117482506743
2.952013617604184
4.441092696315571
3.102317209463188
2.8269721401701293
5.086711819600781
3.0588572346755774
3.216350459181844
3.1710166547083114
2.892643186266503
3.766161389997091
3.542005799501111
4.810237878571536
3.0401019939388814
5.202033164497573
2.6423914595391844
4.825385517256602
4.707258062685589
5.79015878425317
5.497081617660866
2.601451648811762
2.575918275002459
2.617606584249774
5.0939879866593545
4.880625021224608
2.6692063938060766
2.580654567830792
2.6777454893207815
4.590909491390168
3.7332699347304366
2.7753055926604837
3.2281307834477904
2.610762725261208
2.610860407585308
2.749744573613708
3.3911667707653166
5.399557783087057
4.707252089946376
2.6484397041022696
2.617180495186319
2.868566975062181
3.7687885786342776
3.5369496303138295
2.611303378612378
3.569730497610024
5.16656589010922
5.925997989878803
5.637194162816964
5.1135348963941745
4.81868760381067
5.933175360592524
4.3761482365661495
4.299188059764772
3.768253430605197
2.7271062273535494
2.678896538959925
4.219505230472929
2.683830333817054
2.68634418660489
3.766134054506564
3.941582267799536
3.0842603955997996
2.5969039627371244
2.590505788398292
2.9959251616760096
3.003782552700844
2.630230160703615
2.9857278409746475
4.104068804525954
2.931666630190642
2.6925957972845325
2.8370535618196855
2.7710840287878327
2.6638654899849628
4.469893898571081
3.5093433619923387
3.3297035092612646
4.901857225742791
2.557069802914032
3.088895725655876
2.606618100040537
2.627505307990494
2.6086315661099975
3.0533687281634507
2.8102995626409704
3.7746534003472685
3.0306031380767626
3.0252809253176522
3.3543223427843536
3.090745244828725
4.677448660456785
2.821589047334833
3.0443819443186326
2.8264803552785995
3.038260780507202
2.594501402465379
2.6565153356440314
2.638231242266631
2.88516455263487
3.411654771385395
3.052846044587392
3.0832378028833745
3.4462649364836757
3.9638301953323904
2.6932802457161404
2.6176275587276026
2.803132520537906
3.3955527736016964
2.8647745554108863
2.6279451105110243
2.862095078042631
2.8235550947780728
2.8373838930917117
3.0541718590809053
2.817019077599013
2.614455084340265
2.7747897588867865
2.8008345224239566
3.233494956824906
2.932690835894492
3.691814505057652
4.563548399567503
3.3962085018344235
3.275511363509329
2.8039908932628554
3.66973363960269
2.743878809708752
2.708892749079685
3.3839836500344744
2.606363249217379
4.626539790176348
2.7581219093424965
2.609305215342023
2.8483264207882026
2.6195566622708872
4.716130251570229
3.831700313042954
3.346791464916719
4.460994156528618
2.7709398346584497
2.82055970095399
2.77399724767648
2.69984025561764
3.108648169695598
2.8829818765741875
4.0355830864058495
3.418899005406228
2.692227756681601
2.8491420409164987
2.7515610863933606
3.707941454503727
2.953578381255598
4.042452839701564
4.133785054766307
2.816146240648694
3.288383329808063
4.52221585136639
2.61213210345257
2.6491110330794916
2.6006659015373152
2.5519638452158895
2.558521897759814
2.93766007320537
5.183919388569434
2.614868012325553
2.848100370825887
2.875538892345178
4.4956162857172455
3.023395687784102
2.7399403094742216
2.9433512856029305
3.3380347186190007
2.6249516935231925
2.6303081797451924
4.927103889673034
2.9558492349961227
3.015811263194656
3.6175797082068097
2.9872262464416215
3.62049474403481
3.337180233482955
2.6429028562956987
2.6536110786175247
2.553442482319818
2.558420320301867
2.5676554692466738
2.573230547820615
4.150726009065457
4.405199908478661
2.7031729211048505
3.6536277578691427
4.207996771676754
2.7053585210210853
2.9890775058136168
2.9081118655069282
2.6909190601536253
3.002648889747886
2.7904113758478664
2.8237196087677665
3.3542641786824596
3.4390530671284063
2.8301210657332687
3.646755870638863
4.026389470370934
2.6650830349642813
3.7983459327274387
3.205734587984174
3.0134590338957756
3.1806833661584806
2.633546049010917
3.499964101463841
3.093187368179318
2.733164493850579
2.9113800481393537
4.412218650983423
2.616975642735726
2.7195850928118963
3.067207039211151
2.9236040656358657
2.7093253362877388
3.837224082907858
2.6262044531099185
3.4392144952817674
3.6701034498357306
3.0239015601854073
3.0704868702119286
2.6376970452690776
3.8353733928856464
2.957026741416386
4.755001476719704
3.034490578014597
4.269313810050557
2.7737562460841474
3.7990929761619405
4.543697386645594
2.78147453122528
3.5204811168266987
3.624110738493373
5.133267011774054
3.6479618214354024
3.817247219696256
3.6163537304835733
4.130223290392465
3.683896941475604
4.41015794632086
3.745792727174095
2.9076993772444393
2.5836133230561185
2.8442336427625547
3.012612608830017
2.836274181350455
3.456393160521377
2.891085024793207
2.5960483576418443
3.145014962199293
3.2774251831388397
3.9183652887245213
2.6033591373088614
3.2541895483375853
2.816901125265821
3.415028554897085
3.7871686357722227
2.9489975697437907
2.964346722560329
3.8382234558895734
2.7589182081521986
2.5609435409685757
3.2622563127198223
2.7076894212332028
3.119738117396969
2.968447751402368
3.8963139708418435
2.8174244469895546
2.965595170638092
3.433401590252646
3.207398361433702
3.483082099877228
3.097864145406471
3.1222349820236763
2.7301762098367512
3.491109803266982
3.44821802511708
2.8135459877267737
4.483397466462057
2.911145872231306
2.9447104348901334
2.7565355767600157
4.34543352797157
3.095989347398995
4.364692339813382
5.443857254018094
2.7208731618452715
2.8644282700359036
2.9547101827660205
2.7468137319505073
2.868838323446137
2.917844943040338
2.8848918244406803
2.6839589153548147
2.8335515969512155
3.1084450350980832
3.1466049793297857
2.748154578139949
3.1046367275723163
2.6659151686671754
3.235455923903833
3.147341845152729
5.364756734401197
2.822583714591853
2.606051429527627
4.242315241047223
3.039626215669875
2.7464417033245807
3.1482524329956276
2.779533663819058
2.713602073808943
2.831521994135639
2.641937106396112
4.1959182992949
2.972859806449577
3.0944783433419722
3.2106275910444677
2.824502832225395
2.678863295631861
5.112793494238039
5.114803037652678
2.7110122344668253
2.727474501965423
3.3507340764757014
3.7610282345330006
4.43830689600521
2.704733802906439
2.8981621129134094
3.2519310616721855
3.038953299199922
2.791286690112928
2.7495691194662006
2.582622617945708
2.7411320081826234
2.874443957911393
4.040126677093305
2.9603740210154466
3.2858445897151354
3.1737457011874874
3.366872621185275
2.743896768194609
2.931887955201481
2.8021952630359825
3.36307688209275
2.882588555676527
2.6618547207562417
2.638405033822428
2.703889154965378
2.6357236015945045
2.625429135988512
3.2093903915218167
2.971216102117125
2.7088189156605256
2.8096122387944926
3.1508127175237206
2.7674782224786902
3.2438812807860136
3.903391078159655
4.381381430843913
3.0084894190251115
3.6250889889701585
4.869031037040461
4.755556405136397
3.0345539786897184
3.2453462585622934
3.2769480594382303
3.283086783346823
4.7269230976215955
2.6920848347646658
2.772526741647388
2.6197287404847165
2.6134674650792418
2.553916388337161
2.587678514398884
2.565109553282708
2.6294368441639633
2.6153276221131514
2.5972989805163986
6.274642525901224
2.6227729712400873
2.5937709384766414
3.279672966881976
3.615662407185549
3.645698179494178
2.8698920854062067
3.4799279079652186
4.904789221827477
2.838363759006532
2.8121501239844595
3.5942031608392364
2.630356569873543
2.580700828812292
2.657938022407006
4.504501864212914
2.677806814953095
4.531043129316039
3.3488218633635674
2.683756428937794
2.7540980608935577
3.0712813333206945
2.6595283880241682
4.734073332964533
4.3289782920543
3.4452989452095553
3.7680259275333574
3.280031269656879
2.612195320707147
5.730113126414701
2.683748612597279
4.118746536828905
3.134930362461196
3.162815287936013
3.353025025271215
2.792514342448286
2.894891910144878
3.0525183898918455
3.2446175217578967
2.7041630919317146
2.6980420277166095
2.6164267233174296
2.643777306555834
2.7587101812236736
4.275385891355198
2.7664877378423185
3.8262169483163837
5.204703236732048
4.751125649597165
3.8121454323854067
2.750009786976223
2.634420907526277
3.017001463627607
3.0827350592823715
2.803594988194522
2.752112489889063
2.8307344480808956
3.68496063689164
2.9183705035532634
4.01567637666051
3.0525163208864257
3.399259002659373
2.7468038818617413
2.7110352445753962
3.029666133955726
2.8654570316008487
2.915698697736385
2.7429973624177553
3.8818669298134445
2.694844608516614
3.550199516940283
2.8113395846325906
3.0274766380186793
2.817044865031656
2.576422080642313
2.557427923330946
2.6092962544021225
3.295602730366154
3.145821820565159
3.8038255357966895
2.5877529079223045
6.084022730210239
2.9233510833979173
2.8670366254356816
3.252485169521395
2.746506531164572
3.8549255127499293
3.1858477138673114
4.069541934843827
5.1003011846399104
2.6255392661197394
3.366674493266685
3.20907760220798
2.7455165959037915
2.7455165959037915
2.660637309888224
4.7172099010191815
3.7332433896424937
4.058326936865917
4.936935714590383
2.6160466550114454
2.6204651866644273
2.5817379558041678
3.3293241143375325
2.871016810807871
2.707394854783181
4.985751070860426
2.8613483600319505
3.143046799491703
3.0254507368425703
2.968143713973723
2.606004300386701
3.4987347172487597
2.7307427533423456
2.914870517631399
3.688350204814612
2.6157173295351583
4.85846510788308
5.454393540616305
2.8139563676089563
2.9942648300179107
2.6553811466678865
3.5736897181120537
2.947518384982536
3.640796733151766
2.735339636368001
2.6292970379879166
4.9770202996546535
3.268201188630758
2.5591582072114085
2.561918478024564
6.320381060783912
6.604162981710333
3.5942937430340822
2.941127587217476
2.877010256121612
3.1235469197389087
2.7044651116653973
6.371586832569992
2.8705325758209885
3.6445700390163647
3.299974647116056
3.5517012396765875
2.908652396969766
2.7471758761090204
2.8491191759395145
3.707214444743352
3.108063981705879
3.2591161810857354
2.820413902302646
3.189775268681194
4.852823463803495
4.137092316891266
3.5291940704026903
2.9606635550388134
3.647449873167976
3.2847303429469816
3.3631641407131188
2.927997564595594
2.9931185917402114
3.2180235585937913
2.7190321355992015
2.7225288937412415
2.5746057933024824
3.2862210485708627
2.5867441157573303
3.697015779966192
2.970582433827766
3.90245481635535
2.581666392355385
2.6187197771505217
2.615167524224653
2.670943865323904
2.731145376140087
3.7202292388451976
2.6449682100770353
4.718921232224314
2.8883297116657376
2.739556949906102
2.5740988481968805
3.1359303088056976
3.1359303088056976
2.8579525887705906
2.631457195267105
2.6960534197340262
3.1418321176896002
3.967725019242435
2.689542676485037
2.889090877969563
4.040103788910251
2.785484034415431
2.682437412231788
2.671140380134779
2.6842907934905487
3.125690345028124
4.6837061389073344
4.399713677579572
2.696920575080263
2.638521291287945
3.742384764888794
2.656223486159148
2.667088608989512
3.0214351734793023
2.8553354717712396
2.629365615804809
2.6347852209836486
2.6649677563566314
5.2683773590700085
4.903676179721348
2.719033841475255
2.931967888491253
2.9124329448037583
3.205133543078856
3.6427796802418966
3.712254421489708
2.908730587217324
2.5649886731931364
2.659802170045134
3.4886471808459305
3.130441289901861
2.9586825155431713
3.604494841980082
2.6752957069199077
2.549543381598004
2.551597696892037
2.5760159188597793
2.570946313916248
2.687988262816883
2.701904555188744
2.841883169417511
2.7755011384927086
3.3028442397048754
3.0631103418906735
2.6507808049697914
3.2422898768000055
2.8172931224136484
3.1297954451745493
2.967321699552907
2.6109786008969156
4.357913792448424
2.6267178763785997
2.6028427210546576
4.720744872832252
2.6421158897741113
2.5962163731661567
3.0325060150835146
4.195562057895247
2.65748003078505
3.338006842763343
2.896417492514557
2.758264289525471
3.4981759024051113
3.184971326906628
2.799334371634412
2.7225627334251747
2.9303144231408886
3.3704220168826327
2.7630480906945745
3.0330474129294744
5.042960436463533
4.003132966676104
2.6142847641342897
3.7843144562738327
3.060628259128239
3.2296696526398714
3.016624094855741
3.8032085874257597
3.0690484637923188
2.9420386938212637
2.947108225191119
3.202960777657054
3.2341100345970633
2.775807522908637
2.728809418906838
2.9072541236890683
2.9479371748167673
2.6995748444912158
3.19916489817385
3.3320846229784498
2.998409831310027
2.8336305772693717
2.7010771505867743
2.9128339503535123
3.800159596280629
5.301689414693438
2.782788074090176
2.844893166660951
2.7307180172008527
2.6288504638895676
2.7190087839039276
2.9420339305915277
3.2359203896848534
4.134852893402209
3.04901582740472
2.9073711175585437
2.7020264589699847
2.8440326575393295
2.9524533933802957
3.903181690947922
4.8807540465021635
2.744893309123691
2.886682538798059
2.6576470664518057
2.8677275576974015
3.369101643431113
2.943921987772068
2.79705477843818
2.998867425991184
2.6556448865610265
2.7476973429611107
3.410225843328039
3.442484714352726
3.5359523272172355
3.603798018727379
2.8705133792036372
3.093978597558895
3.6891306413848035
3.4271734876236337
2.7818338922921964
4.497487770113874
4.838310587562757
3.6018159234914786
2.656102700773273
2.7810921856122315
2.6499085101478044
2.9230937764102283
2.6253853123953044
2.8700724570698792
2.6777060881725143
2.6244024878905345
2.570576332225531
2.730385453096476
2.6237339172161778
2.643331829707263
4.424435352092681
3.8316151446995734
2.8390687442603464
2.8087900607988807
3.381093260735194
3.335225422480444
2.7241737568870157
4.543493650506717
3.0637470830645794
3.069705522013777
2.7397153822298708
2.8496351418001344
2.776232709694262
3.9517900573992386
2.981776571943173
2.764832878131122
3.395050930392795
2.709511623858714
3.0200220068571926
3.6557268564556225
2.8437206628397584
2.8590633229667706
2.641358866864924
3.025688747371315
2.918653854042817
3.1247602134160344
3.574251117268604
2.645460459985603
5.231907817328717
2.8276058068656913
2.7365152827217143
3.077410014027028
3.830934038625938
3.6592098569108495
2.715964841134877
3.290332877935213
3.182766978481003
3.7695208253067345
3.0398236576506346
2.906464239761388
2.7630507133435622
3.095276420536743
2.9766491506064447
3.656951983062469
3.2828905862568374
3.69621829282861
2.6140458438572574
2.683669401495265
2.686910732049493
3.5738413704158907
2.716696199933812
2.885062084518927
3.0354925414202096
3.2255102640126863
2.9948766211611404
2.984618567393989
2.9867264839594423
3.504491829108791
3.368913092074123
4.620658821401879
3.6491096100354112
2.8837264360852575
2.7332367040571324
3.9493467215661884
3.2512624741824823
3.029536934357526
2.9604320997525253
2.7591573246290495
2.8995272060328614
2.630443695856217
4.941080949817442
2.766156407658744
4.429938833749456
3.1456865685917292
2.7756744440436822
2.886813608285527
4.373845463606105
2.7595650734123156
2.8200957581416977
2.7736505205042583
2.697054373559703
3.4794572392139784
3.8307122941477694
2.7283943509550594
2.7262730292302417
2.764495523053904
2.872662270898507
3.0641388665550746
2.678373209317797
3.8421620555600184
2.885309582577871
3.475818891255292
3.394767376742479
3.1475605087466985
2.8686616847267534
5.514301472415964
5.024250240672161
2.6285138361172797
2.666058101884367
3.6674359957701483
2.87555135496114
4.942996262496293
3.1571863115922514
3.553608622588357
3.475037109503868
3.501444831721516
4.7056166780023485
2.931435430808865
3.085951058636214
2.6379079951668487
2.62014140472474
2.6841245816804133
2.695654051401406
3.046895899786037
2.9478007997387277
3.217006331160321
3.0170185291187517
3.8663771611275344
5.621982380583168
5.735227060478516
2.6336506392258068
3.2062285781926367
3.0158446069570966
4.589716512167588
4.463979557971449
2.821722448284856
4.522538038896071
4.038350443064478
2.5780416913814634
3.8224615883354485
2.9551307272442755
2.936931273460079
2.822211077383677
3.3061241607240417
2.8490418053007938
2.885533066103096
2.7201759408365445
2.9526199522622427
3.1151792593311014
2.746817588165465
2.579238337426617
2.9688276292884397
3.579724868584314
4.524547036026586
3.357562129208639
2.9124194488747173
3.4523301075059925
2.8045838172816966
3.665901992785515
2.786818243855829
2.618984015885511
3.451715399987076
3.348514429403907
3.042067273382737
2.791599930082857
2.9827765404709474
3.0359963741493416
2.6762888990948603
3.0768042890414797
2.8122502352588654
2.6256169943087855
3.244732650143757
2.8380660066335808
3.0336110670706806
2.8298726836736687
3.5724585508009623
2.944149272692654
3.8421619461086065
4.055953267373102
2.802385101541566
2.7871911234846642
2.9147455079889366
2.792523806416546
2.6245576167487124
2.601990119050663
2.703450981476123
2.759596508331556
3.345221574481731
2.571174234881904
2.6031550054198993
3.411391316290655
3.074221088059396
2.9382484009606302
2.692898569579854
2.609964518581391
2.6165230011682334
3.163471962172747
2.72638689421431
5.085488399403922
2.62427317059149
6.084588411292681
2.602344353552628
4.460536367553692
3.057288444701135
2.7498221112801984
3.018310694663904
2.9988238193709496
3.046911871617624
2.643332264249982
2.567279623420765
3.8545984964554174
2.7717038997003236
2.6629336082940642
2.6033902428848017
4.708435664873188
2.5567918193487738
6.074856525968864
6.199613558463961
6.335306365211361
2.642889260841495
2.9898644672616794
4.338575772414474
2.8724582740859415
2.7026605233704695
3.3419072656305375
4.587491206992331
2.87046116458402
2.8694240249857876
2.7552924956194476
2.6476822981726413
2.6120677767405525
2.6243468718437115
2.639647614747221
2.668477695895091
2.8029462306057695
3.298501641800873
2.807506513548094
2.8699584706410843
2.7194896236902464
4.21933721732069
2.60303290030564
4.031679562794875
2.688627121255735
4.330041326250971
3.165759854810923
2.930220807258307
2.693558871023334
2.9809880897177203
2.6477350902510577
4.871281941974858
2.601828277383925
5.2057017658126075
5.6471705352152775
4.540368969894936
4.953186942527934
2.7851706947232886
2.6924751173032
2.9244367883987206
2.8295272280347232
4.8020668441037255
2.6231685555400093
2.939611516401599
2.9103372723859007
3.117575320461239
2.7410763670392697
3.275619127986518
4.564204499650927
2.683167100255359
3.600542114031013
3.630594148034863
4.240763242072883
2.58193786734608
2.642857486928418
2.610364871134884
2.7006257665357687
2.840384476523072
2.80012276710517
2.6124266166075447
2.607072551293553
3.1969105851547424
3.129931288805382
3.892737728058149
3.081070670254696
3.056640715237901
2.8344118052986254
2.61031040248564
4.707147855194407
2.953108398463216
4.298709904241118
2.653377573535827
2.6309839449898407
4.809126268040821
3.037022645860044
2.742864507235133
4.4627802463338
3.679459344028267
4.116703659975598
2.7490135837548406
3.386792594650719
3.2992416404190106
3.277958163549166
2.604855941075736
2.6004404137049404
4.252075120421098
2.846010167422368
2.857039819758938
3.3223734332030497
2.7512410339763695
4.252375295799392
2.8354320582164734
4.56236396458377
3.0518474740654438
3.122988163015331
2.974837077254196
3.6871217346210248
4.730268187624261
3.8653446927258592
2.8650630359431393
3.3273619615167105
3.7519739563533427
2.6965054230419483
3.017376623509079
2.776729497112162
4.4391697745985415
4.2747410495730165
2.651866308167156
2.5998279083960627
3.7506617068370836
2.865261344929789
3.425020710253518
3.98048484903365
2.61568160594444
3.602219561619608
2.633343202925746
2.641975465978142
3.0452983894704087
3.192065574905512
2.941709549570613
5.024385856638284
3.4455394113481064
2.8703735918478372
2.7971412230973143
2.5918452022229785
2.7041966052148037
3.0347384870050993
2.839232736750083
3.220521477770268
3.435772060724754
2.818777022740041
4.648239270653526
2.561532199031558
3.3655506071745425
2.805308830887207
3.1600062828049946
3.253233997331317
4.753760023557212
2.5787489133167907
2.6604796717514563
5.140699300367073
2.5730346602782457
2.641324535224153
3.179534343009591
3.8973523817365248
2.7670511869716257
2.6702167467436793
2.842754339196653
2.7744759227274596
2.734588588268407
4.003055157152082
3.0979949852285897
2.94956437276836
3.3164199234671026
2.85117703224705
2.6505205079101817
3.027525016553934
3.069571207426541
3.008355041889218
2.6739060702367823
2.7280040145220226
2.6088597872487362
5.831515384874109
3.6494937876950613
3.586294357231556
3.8783967619921498
4.1176761963545525
3.1693245219331954
2.740299584472023
2.95450329189531
3.4522215619417733
2.9440277068925074
4.346965088283175
3.511076538522813
3.5418856603183997
2.9074553787642112
2.698506941978422
2.5802777170570543
2.8664164704947437
2.931014461289707
3.6825986094592507
4.659623502564131
2.8470829541499523
2.6903502802764243
4.215569713805945
3.7297633228522735
2.7795952636957644
2.6167252564137593
4.668199635760558
2.789987703526109
3.6331449396751987
3.061739368712275
2.8659939462768325
2.9954390335563357
2.9126759865564993
4.125606259430486
4.106440101116555
2.577826192126331
3.886937965966295
2.632836994534877
2.7616814169346426
2.868178152183125
2.6676416939955425
3.7657709072174548
4.275579734618497
3.545471404626092
4.155932924323935
3.393118645232084
3.2794615988926794
3.2794384009199287
2.7865534016103224
2.9849068655031035
2.8241306659030303
3.2296910696936427
4.099780624062243
2.812170569283151
4.850300716600977
2.665507805683834
3.467699248349189
2.607558648075077
2.8133584449434053
3.2936040409819443
2.5754391499952063
3.1944435492767966
3.369925033500105
3.646217368528958
4.294871347883744
4.715656166724976
2.6349412784941353
2.7805867798801662
3.3950495671786936
2.8554106745783807
2.8068571180428594
5.421654017411091
6.046374182957868
3.3969524256228736
3.4260331163803013
2.6017309504834345
2.6283942650650953
3.0913861756097156
3.4377135873649913
2.573639743271786
2.662958579563667
3.086058272212706
2.628636392485494
2.585876564713524
5.89176939928527
3.0593950845734406
2.7944000926228205
2.929544714840909
3.600820804566645
2.8326789905925143
2.7080502955578023
2.6860656541437504
2.803520886659508
3.3977016557366393
3.027313221531096
3.238855065308501
2.9280906864723186
3.026722165115319
3.4733829440031045
2.823801819693982
2.636015798412357
3.2019703562772923
3.800048452659467
2.909588889554709
3.0882637837630798
2.6482847748240346
3.1862505243431576
2.6846815952041143
3.4384491036567755
3.0305802348049182
3.015474073085283
2.85709379962792
4.878848280357031
4.424793454926419
2.5893750838127847
2.595474516337946
3.668700130816431
3.0494790272970715
2.8288444440826948
3.5862998597964855
3.441791569435204
2.6802889828229706
2.9870966809101063
2.9837143630803844
3.78583978854188
3.4789528080332524
2.6893375352771276
3.383360406202958
3.1223090846407198
2.638710751985105
2.669653671629625
2.9290488867490714
2.6293591728238734
5.061054153446178
2.6885886862203274
2.8311429133136192
2.6816592344781487
2.97842333221862
3.2671910158497095
3.818196059384026
5.466077567485275
4.98592090669666
2.800406821025395
3.0288701834363514
3.0074395046063467
3.6994453896689095
3.6337826117466205
3.119987740191312
3.7787040159476524
3.7538251288396394
2.7172886012576765
3.502066931711515
3.0721274081867733
3.038403268332268
3.244335156632533
4.709116354934767
4.418889909673717
2.6276153580531534
2.8243020940004904
3.9090601109535297
3.504044298256192
2.921225941949272
2.677023645958547
2.656381259299535
2.7867816713050866
2.901057969413867
4.300323149608415
2.8696309529062978
3.2624234934902834
3.226956260614428
3.2596190514597208
3.2427700527083387
3.7023690648856324
2.6027229972053942
3.645201283798219
2.8905540131786926
3.3134365985338627
2.6737146418923627
2.833112387223869
2.774127317179302
5.151261537795408
2.88850505425965
3.256227234684565
2.7869751636387434
2.950303800136181
4.135464484901155
4.07714549721671
3.223273065062408
3.134070816621894
2.770574787257715
3.1755691206038423
2.5699391136214973
2.5912464945972147
2.5541442596670363
2.54971563291292
2.547462191101375
2.551085956136681
2.548194289431223
2.547926388386612
2.548516872938652
3.8446997268431
3.49732443622941
2.57289791672995
3.016017878198529
5.004367551750933
2.6384444197879215
4.118965895636688
2.819863713413298
2.718816274324375
2.671913716460666
3.1308343457906727
2.585811154985609
2.56394059987714
2.5785589496922774
4.590272658867653
3.796403289590512
2.844826758717573
2.7620575371948597
3.597199601294185
2.885682684770666
3.536662722103618
3.5535156966785517
2.7057334892419176
2.7408678902596857
2.925993833816941
3.88979733098178
4.919612152943236
3.373801272329316
3.6103699539674095
3.3176504392549533
3.1346391174974046
2.593325084829604
2.644288568668933
3.1419330777290426
2.6531964158408896
2.554769835368992
2.5480101572452516
2.570394994893475
2.57585327334057
2.575549936584853
3.451124083335864
5.915843382919238
5.824141484834872
6.502311570205652
6.783787476807294
6.439297403314303
3.5336090677683867
3.3360359969875275
2.7147364678864503
2.583179703578622
2.6656743758039037
3.315307408091054
2.790899502594912
5.395330781079157
4.052313577908981
2.7620821770777435
2.866881389949879
2.6906185903492887
4.059928476567984
2.7400979124932685
2.740006123487475
2.8191511861090905
2.672545713268758
2.9743439733251567
2.604079504431874
2.8445096122908735
2.619055630047223
2.832988533865924
2.8030949208183786
2.9012704555937683
4.005949618838564
2.6553385631941877
3.3714322435878605
3.024588314650682
2.730459868951867
3.506123404841214
2.6462061266063865
3.422219453183647
3.270465744101098
2.791674714595835
2.907367815245166
2.727324794082662
4.656055827113376
2.5774418081484884
2.5682186261714364
3.108515798006074
3.135782514999801
2.903418278660917
3.2376781822103897
5.551632659461542
2.701077834689749
3.0933435929423876
2.734638570617819
2.8782919730150054
4.531243692055545
4.788949770933363
2.7945174425910135
3.3554842388211923
2.7887565932071885
2.7309322231163784
2.6840133655620777
3.4590840219994003
4.447509508256402
2.6350643122735757
3.3665519317539125
2.9208983886977524
4.035570032762006
2.7209678031770923
3.251575379214889
3.1906358695152655
2.6656983326506545
2.69653528192031
2.8811864919628793
2.8334506188441573
2.923118713714783
3.4471612027346707
2.791433146631256
3.1591513843677443
2.6991056275722736
3.6134899375044043
3.5040166724873907
2.6908954558481493
5.829045920958373
5.400399608607342
2.8120437051850447
2.7690381771399375
2.621350004950653
4.236966176886263
4.441646150190495
3.9426273469126536
4.154565936536962
3.8376191408637803
2.812361430674554
3.2518199755666912
4.2811613521137035
3.2324696520204657
3.138491681680897
4.004505803595713
2.9208790898361405
2.787077820923458
2.6193531996391486
4.7278926335353315
2.840967921441403
3.258322793347574
2.6916407265595197
3.17325356812373
4.019438821995926
3.3223699502934085
2.6278703535474603
3.4968477628752295
3.037110214232724
2.812475955345495
2.6960455670372707
4.421132887663446
2.7689932537578867
3.586535768864591
3.5348034665745764
3.645279828905724
3.0424605677476206
2.6783501149269804
3.9101308810229334
4.9480910662762625
2.73151493064001
3.3394553705922574
3.8250194403061992
3.60710165715778
2.7780760503772264
2.96868276599045
2.7385681438303413
2.598720505538981
3.541547039419199
4.0975782043454405
2.665832046748501
4.900489951295265
2.716895645615486
2.6727802254411297
2.763790333541194
2.7544403614375024
3.6228463602928658
3.6608911125328456
3.063249489753241
3.763728961956456
5.82568772024652
2.620888895111613
2.6422179031479134
2.6521767382414683
2.636545432732046
3.1001242218546627
4.082046358883138
3.5100436491912124
3.399116925150746
3.45743496999938
2.573663116028523
5.212280020297012
4.191037580676245
4.325832474787983
3.3006469203665865
3.027069681065404
3.0183703547161604
3.0589237558803277
5.3565413299276905
2.5847202166636403
5.299931733157534
4.555405370436968
3.2444114416250946
2.8945025706319907
4.513420855222746
3.1002376446217603
3.106185395450417
2.833169860796226
2.6999683166862107
2.808624270851922
2.569429722677155
2.5645775790112797
3.251453472404111
3.069560208685008
3.5090715906162386
3.1481237948591367
3.3654169154840243
3.6468940906267764
3.1488055592618576
2.9285606668139996
2.6241041427427185
3.1903706177290867
2.8185879625426455
2.995317715257585
2.7061891574889874
3.4068730779351917
3.2702098618664337
3.1005887840963435
2.6609736179073518
2.6197760166030584
4.634850874814738
4.735551079498143
2.9741559769633206
3.2219436928773253
5.5655105872450426
2.681274689124693
2.6831233226679427
3.205074462025657
3.5155577370068016
3.1916680341557067
3.348792902153512
3.150720234666665
4.315712797312246
2.833918347342168
3.0532238507122638
2.744813536740819
3.265644416200966
2.80428389183992
4.497216322102117
2.665570943171099
4.762330071473101
2.7949259962958926
2.605263814522099
4.674225157519599
2.967339796763024
4.037404614052859
2.7793503297830284
2.7289839294238893
3.89615788950458
3.3500164844606566
2.5916613959502524
4.068326965497957
3.607212996775336
2.789395324883418
4.523568937834248
3.4665695253664115
2.680564222492919
2.7175203023531855
2.6174463298292765
2.6021693092380476
2.6045355883189125
2.86297806505835
2.709012245741368
2.6071740143628044
4.45211080626907
2.734098588184523
2.6736150230631686
3.2435479836598806
2.611508811358537
2.6003506779841374
4.129891109249298
2.760926498350291
3.6894298300831867
2.9037932497755854
3.236053957968301
2.6810114702415775
2.7097844356640617
2.601569817859394
2.556980564010269
2.5567683666059553
5.480533088411724
3.0181826740958035
3.31541921618126
2.8975163591115756
3.4034678120705157
3.135697715704613
2.8004905276127543
3.56070126237218
3.244641539465141
5.1537080688795065
3.0154105314886888
3.1232465986392994
3.916351798606629
3.3173566071938443
4.122389924302512
3.236420368119777
2.784523141085042
3.408116557205366
2.7962915460744786
3.4894654048100855
2.9473650610917583
2.9094863535340076
3.0173915249159586
2.7025659936509445
3.893193872239209
2.903299053775425
2.74140594600505
2.826795494536498
4.451025835405044
3.35346332880382
3.1898973470190235
2.8990983907307846
3.1085444744656425
3.1650667121813507
4.452188271630314
2.6375215103396092
2.9237039545049717
5.062677163462832
3.453947058664214
2.5625434250338617
2.5471306405571448
2.5864998077311796
2.5811523157717415
2.660571219182579
2.9142183530445562
2.999482534308786
2.9506403394962777
3.5820276766485053
3.349271778148156
4.553043400222393
2.6289145275427357
4.52957454987034
3.1759192997569325
3.4527082469206665
3.3200394881738404
2.9745393196421945
2.589736547646431
3.48439943552517
3.4827084416873055
4.444675281163402
3.8807296356960084
2.897830282524565
3.2924172191923695
2.7356200964821356
3.4463012702992266
3.9153646887901847
2.6795402690163956
3.2973665487021986
3.9172717744104806
2.7224596635268075
3.4561142789258668
2.7144757777686817
2.8416299917682393
4.240079352887501
3.1162296459587506
3.0573337180519062
3.430402983428375
2.931063362009542
4.932796557870139
3.6058903134997196
4.56858270322485
2.824224572854558
4.46825172347669
4.829753542679325
4.936082110714641
2.692166287232649
2.7506997304864864
2.6224337027992846
3.9786206889152194
3.845164250621332
2.811087157512251
3.737733520863909
4.410777175718551
2.833329637555594
2.623601054989208
4.715176026476186
3.036887598317497
2.718133494578259
3.4761010626807014
2.8236401020095485
2.8905777073568784
2.7423656345451923
2.6152645191325874
2.572854203190158
2.5823569778574527
4.045979207294438
2.912394166338058
4.4857640334422255
3.0724084300544687
3.121318884863179
3.858521147889349
3.7649926071115156
3.0539835668310364
3.5277789970968483
3.1799204108162153
2.664734120344221
2.953755674156559
3.676416070338253
3.1385694540480076
2.5954915098406426
2.614509798998059
2.622278414614924
3.5369789314588034
2.8766822399306444
2.8198700424945096
4.597267089701616
2.720607374260714
2.6305261650184195
2.820412131317603
2.5959433251808157
3.1704488925729537
3.378248757794373
2.7390722335412625
3.0481745366741513
3.1455581858594615
3.0639602575457454
3.4281456382309328
2.7462929483975014
3.0327462631123843
3.3763815187807573
2.9355785175476865
2.8175180638236035
2.642894275944438
4.366871832142925
2.8544186125166005
2.7844473666686302
3.3081607679901857
4.123945610997408
3.079321157184029
2.6318102056294217
2.610241849705509
4.378838972353535
2.7944422242406253
2.6767799851404233
4.223181814237731
2.6444642848941187
2.8241915145781
3.4434255086716545
4.061275286372069
2.9228340884541275
2.8821483242151413
2.8182873515411084
4.105752673073024
2.628833990978763
2.6875065327907333
2.9744893920369195
2.780925636786683
3.9564216664897307
3.6285804711499514
2.6469630864354867
2.6883312690154875
2.8850004143391352
2.7321637154711866
4.2691610462637435
2.9215218753184296
2.6815383202458545
2.865331268371306
2.892918055494149
2.838068912714836
3.2595030476223137
2.6160256453194077
3.732401618708807
4.9801906254722565
2.8634933822695086
4.300398016985195
3.09576477745237
2.695463267452147
3.800728335884889
2.745468876913078
2.9758249478797314
4.2091892026156845
2.7759062018493847
3.1926081982239025
3.7998246014215917
2.829296884650498
2.990766445482007
2.7423975107503935
2.946199049986432
2.951096299456523
2.8876402761948823
2.784688526397582
3.6322548361719083
2.5875316631462137
2.7262627588145314
2.6243884232249757
2.9579844538760005
3.8808871270414778
2.917556404710183
3.702384330974473
3.280979070958557
3.341821974875481
3.214554795876615
2.6193699826617696
2.609250983533905
2.6974760006418714
3.91850732732277
2.639968533570128
2.601040506137975
3.4909997249035194
2.638122143668663
2.79569770634523
2.6242006469442587
3.985857589310453
2.6196418978235627
2.6374236529604307
3.174854247348765
2.695268833436728
4.012812079215834
2.615052339511001
2.5563695691494215
3.9235386499457925
2.706224739357471
3.9929126492877742
5.079941050025659
4.9332619579861845
4.451284533550485
4.982000701535571
2.569763231526659
2.8627906320565053
2.6407003247717675
3.031138327283621
3.880482423106024
3.7573233170248455
3.253878639183548
3.560147115553617
2.867796288853277
3.301266509795851
2.9606473008321625
3.031779052150087
3.0727601649302723
3.047050331494881
2.8394244329658958
4.015722409642836
2.6968351136358732
5.724066740282068
2.683577305973339
2.8196020611681685
4.448936954253179
3.9488492839632405
3.088857529606706
4.071893108834819
2.829829515527579
2.9180722557363996
5.203945397929589
3.1402053003760653
2.876940128083496
2.981104521562263
3.2866120097472145
2.8489980139582993
3.6378371251596424
3.063552926120189
3.27840248718057
3.488158581251934
2.626642597599268
2.730895649906959
2.6171402584693517
3.146048907570707
3.0453423587484
3.035950449323583
2.7179978188139415
3.3903230779340165
3.2496442260798517
2.6579102656426525
2.6747100778405395
2.6357423045563504
5.35129676077709
4.468830216255154
2.6401574449869276
2.60943255161126
2.6581339323890165
2.628395078595318
2.624794872356547
3.8575914278141696
3.4355280942611475
2.6722906290635278
3.161023779980341
3.598084716176325
2.953796795795118
4.910434468134861
2.636757675936483
2.6423484869171254
3.5347742125986015
3.0590040140911787
2.956161722054358
3.1237669062316904
3.358189312774523
4.043306024350487
2.869413312656992
2.6026611325963924
2.85582118004027
5.003370806732757
2.91396681944123
2.9800044847560363
5.97079593923117
5.7241941908181495
2.5522563282860746
2.550237487937688
2.8446481609544048
2.7184699921812605
2.551599189696981
2.750028522311934
2.6011970733696534
4.340698436411376
2.624319636535117
2.643939211668155
3.267719886967734
2.9191020619044687
3.5192995612968945
3.514699714988802
2.625020309716953
3.1461838112357055
2.6893383931613597
2.982167441876215
2.8964808275666956
3.6112208214287675
3.2151942548775017
2.94169026422389
3.6493856007623666
3.1933661730801775
2.778234763430933
2.7382651890028757
3.343884651134599
3.1027197975878633
4.01766705960022
2.556986209750879
2.651870137263447
2.710145530304459
2.710145530304459
4.1606072422556375
2.7641259576270674
2.6063465277422235
3.87203873695638
2.6757796848095583
2.6640732365097697
2.60883295098803
3.9087521818674427
3.325648938358124
2.7699574065487305
2.6293869011341617
5.294549505689451
3.809711240271459
2.5632170864466843
2.660712654376547
2.575356594617125
2.5983991743835335
2.585138101792331
2.614507678383439
2.607379588915485
2.6040588902759474
2.6190419883997036
2.7594487075246135
3.2172691039251897
4.4724826733751195
3.05221806417025
3.201873194117307
2.8153226531931628
5.343756470306645
3.1994281323337708
4.913887231066184
3.4291298697101977
3.1333827565803807
4.457373209460609
4.0469888220047805
5.372090300221732
2.656260196060131
2.6136392154111334
2.620243415166813
2.592147431910501
2.697514288340355
3.292032777877329
3.011974825169478
3.690731867106327
4.825481469354816
3.0467129862207005
3.3350998069149296
2.76997928539346
2.699717214827676
3.82497391859713
4.855252231689478
2.784103049834595
5.056058842700169
2.637396542482791
2.6881517680951816
2.6298086843638893
2.847012254346625
3.1616865577198947
2.9451439887735518
3.9987834336900265
2.826646042637396
2.6057992492562687
2.634473511984796
4.248638824774735
2.6322570118840294
3.091617370715026
2.6990072690725997
3.1004413781713587
2.8159432497200467
2.6413867824062214
2.9753868571859945
2.7659892092937426
3.3678638375808756
2.6506732071587247
5.089459210544351
4.525445822883988
2.669737588666539
2.66010101471712
5.7220738094647805
3.1745734482475103
3.2742173386987123
3.826604915800612
2.7985763940532205
2.8865772664097875
5.6829214495311655
5.819292536780049
2.7530467001855055
2.6745693204132586
2.6657807069607413
2.595262939577656
2.9353637530427523
2.7305277723247148
2.713303727771392
3.3618006465904653
3.9386644755465916
3.0145492912619303
3.208381952726986
2.893208310876418
3.279023271609911
2.7566574969910893
2.90555128889594
2.594626498401428
3.060564180043126
3.2455516052399593
2.8449931415484935
2.7856805697395335
3.1400868655863357
3.2221314583676657
3.473773077138788
2.741380584379489
3.3650760152723964
3.575872443182218
3.55403356958628
3.849450764227662
2.6463569302643672
2.8621296131029723
3.062769181979335
4.501849835062054
3.4700886845373873
2.616305692648499
2.6175803776248827
2.665051533959025
2.7846035531797186
3.3337435446339576
2.8057380880362097
3.0380241643482373
2.695457962678207
4.722190035397097
5.09847051985481
3.2044487913457615
3.4106196427296886
2.589043846739251
3.306404992413177
3.5289641533391016
4.847946662371595
4.631436688430903
2.927778150652784
4.830426737842617
3.2082613019731294
2.646027745613968
2.8112920976624256
4.1340343548125595
2.59327336530394
2.757443019379783
2.7830928841758884
4.830116931312459
4.73290913374617
2.5624111727648335
2.594739971340191
2.714044135522672
3.709267930123143
2.6259820878326576
3.887033765086131
3.066581504152844
3.0230204977328357
3.224148132050768
4.46994154680658
2.794674538144538
2.8696577712492664
2.893173462173675
2.888624096426976
2.732868357749446
5.3775221206388295
4.947810349592121
2.682337633471873
2.6004872134863035
3.8997424962686815
2.588680283806745
3.8904361795021978
2.6711206630590594
3.578770162212076
2.892296240583766
2.9528352630305483
2.860719946381921
3.940283467799316
3.225363805444446
3.5211436391374984
3.2722846288091096
3.102999827111474
2.6884271455991753
2.6782483040556224
3.6279121924498243
3.1507740408721263
2.611112291661999
3.8901291603531454
5.022064851488899
2.77352450768651
3.738254565130292
5.001454661195217
3.9712074795219943
3.817165749558626
2.9085973386193738
2.6169759495194196
4.937536066227492
2.5859977778861776
2.9948784534795254
2.767970807553657
3.727947577639047
2.817841844441429
2.970176314908635
2.8859295549723862
3.3021644845144094
2.7543775825230385
4.474884906477309
2.9489779854714175
3.7830889316863443
2.702110241033908
2.803282177822678
3.0342084253956907
3.002167333143898
2.9157617394260846
3.237881297946811
2.9521678967784197
2.828769143685885
2.7338468007349714
2.7408986246312312
2.825464324996494
2.9970412592746487
4.029015702215706
4.364273924151734
4.085909849247205
2.628734181181638
3.151775828664268
2.813558353372482
2.696343676960759
3.8554535470920355
3.7966369682879493
3.8928806409667303
2.8404427294004906
3.487504446479794
2.833720031511829
3.5214919270448037
2.5712502274489344
2.7182366692611284
2.7660463906330603
3.1391353786043936
2.752536598642021
2.901095618040713
2.7144867269900557
3.0209550679846164
3.3068793948462676
2.7978767644314897
3.001846253887982
2.6040295826075783
2.7050738020840845
2.572767488662673
3.0996584938879983
3.49200387250467
3.622764281508406
4.6638546675897015
3.0315748485167107
2.6454952318907785
4.66355679509709
2.979355008851079
2.683370397473554
3.6614136129526993
3.0872575591167615
2.798509776102648
3.619910038797573
2.7032012848364313
3.2846139845522364
4.357388445791189
2.8521014176408297
3.5051007865008623
3.881001899134571
2.9554800453209755
3.1396207925270394
2.7836857313473002
2.8694931184915187
3.238838294192705
2.721359678776359
3.7284613680416228
2.570736805771814
2.6361317374786677
2.7093982493110618
2.5937999823271594
3.0801296578862134
2.8802664900851305
3.1613713221589164
2.9081478053502803
2.8059442429592316
2.6390913596793713
2.637235125082712
3.5182881781442124
2.896025097668172
4.255001710524948
2.587455554776449
4.842241538146381
2.6263056493707744
5.269698474771287
4.414422835023784
2.780237876887254
2.927909387996591
3.648025617355562
2.793426897229161
3.3885671671972863
2.7492942681953245
4.018503830226123
2.7973852309940055
2.6088065056520326
2.772021969780357
2.7394889262379634
2.7800786723044375
2.705165709346282
2.9408461103749155
3.1089818140077456
2.5981006628981156
2.640818124218885
2.620040429626035
3.349862770959976
3.268540994746325
2.748484811403549
3.9614448501134003
2.8397106325703354
2.6775380022933524
5.092393857734759
4.71897472384647
2.8794265760016726
2.721917030703729
3.517575531395845
2.905672960433166
3.840336470524455
3.0080708991820577
3.3514722057250217
2.660566543990974
2.588505768371263
3.1202635403310617
2.7490317057493696
2.6452828209323576
2.56325813825676
2.6265213248482384
2.5894657435382102
2.604619005453265
2.567187461372331
2.583349699395632
2.5645703988467305
2.7969289244572852
2.6267578181779974
2.834349530186283
2.882897950582864
2.8306556701932344
3.8087550134414028
4.544272040866163
2.742568721033245
2.68931721002386
2.657452234090006
2.6068103336168518
5.18344895306196
2.5663764823635953
2.567508976480844
2.56430323420815
2.5921873617799345
2.634115284891198
2.623565212628792
3.109472889899783
3.31123605603625
6.048809138296123
6.255665090503314
5.046760927262966
4.986931776537402
6.165942584870182
5.967000757242135
6.12477390724152
4.474929587186457
4.398115729103519
4.308382490803413
4.01451500016189
2.769812716832125
2.9636135108110473
4.023108554065717
2.8527520630914345
2.8379357005168977
3.428608056884877
4.989703098567434
3.165111483251988
4.739226379337347
2.5837553987316992
2.625125936651991
2.558188666682008
2.6031383655169877
2.83690874706696
2.716967889999818
3.6745370731809675
3.3314677482319848
3.2991226404573535
2.6098265170614576
4.629100956765333
2.6307092793861147
4.681140181834158
2.8270925238046036
3.694763341522176
2.8291982131539015
2.6915470278874234
2.6006148760889856
2.571257565536154
3.174261580180902
2.6802420049900486
3.0531322367319396
2.838095260072535
3.345225593538362
3.107653785669648
3.8180667560765116
2.84414704602793
4.083307957000556
2.803683032745775
2.9069550802025472
2.9927776198593405
2.668378444675624
2.780753582743672
2.634705560321726
3.8880012160065496
2.706425123706322
3.188669471624959
2.7759563570246613
2.704173217520947
3.188683029299901
3.0998332909182182
2.7985332097510986
3.9232280701383733
3.0463953060190745
3.061283453850338
2.9363681769051
3.8085947150351287
2.868666219468441
3.6525385691219685
2.607966639858338
5.423438434235518
4.790696783258421
2.6351752187133792
4.0458484958151795
2.989583320009931
2.8668931698102753
2.9524952236356024
2.789520201296902
2.8059647644902954
3.3392970349575757
2.6564563748179935
4.2049897330781345
3.659493433125908
2.8623967971329547
2.9680276504307326
2.676408243658447
2.635851904507362
2.9983464453003097
4.9246074131991735
5.500150188286756
2.951691897255948
2.7228273817634934
2.758952876839775
2.692111262357152
2.7581185211958883
2.936522377727726
3.7774522706464566
2.8684251669304492
2.830653433669089
3.078875697160068
2.984215987861156
2.57241227406385
2.5522648191325352
2.57443686570223
2.6185639561619167
4.955509731022616
2.672868445615445
4.200021711232917
3.2577705725315473
3.4491919954042616
4.014045152225621
2.639223061455467
2.614443237120267
2.5917449955124843
3.4937366350415955
2.9712636829731855
2.5998234914544023
3.222049677162803
2.7868250344276584
2.7823837880315905
2.9026442136127386
4.636819391228219
2.6768177410374094
2.7560892604735754
2.642785501677688
3.3146032325983414
3.628576260643019
2.628639449050123
3.9071870794209715
3.6367940389998585
2.6894262420385777
4.339847023974278
3.004848470374135
3.2551142956821657
3.4403469439486716
2.9920499588579585
3.1568832733340964
2.984683934820594
3.3545193558970334
3.1464994019262447
3.7834747427956636
2.792879349586313
2.9789380217982737
3.142273353615881
3.3947333343274413
3.260272186606862
4.295462722651965
2.8033408613120088
2.6226852228611337
3.0847221545637282
2.9141985211880717
2.9393479985579023
3.7501919204283283
2.7615909765429847
3.0155590062241027
2.803087484212485
2.7556953916047404
4.306814366148002
4.083173711654056
4.083173711654056
3.3980363811917105
3.484109391874556
4.160495904372661
4.581140841419286
2.6253049474977974
2.6745785702536393
2.681367903723539
3.3681915792897463
2.7734934342336386
2.6637405175575783
3.898587831315546
2.6530291785425426
3.9173366220821424
3.1990564929569896
2.924309245297382
3.3551918687701057
2.7939619248374763
2.5996064846765154
3.459838733696179
3.001634685926466
2.858209317961677
3.869121181633072
3.81253878967555
2.945032030695838
2.8939574596260353
3.33855283525522
3.256968388455385
4.1406935446614765
2.956268290238653
3.950737422363889
2.6495701584870037
3.099041946801191
2.6470256709932984
2.6131884980613056
2.569113673860035
2.598602536628481
4.207519349051477
3.713799150950889
3.3037538351664053
2.8777261571408888
2.6291991893069833
4.233113218521823
2.8545903578349408
3.3083043315266245
3.134515879930289
3.2785895733981185
3.935640344008397
3.7979760665651856
2.6412610336703466
2.6765977049869156
2.583888734670611
5.027013700168298
2.650556550187172
3.778705437498861
3.1382925849347965
2.9951147665299063
4.442468172403864
3.0441351306093583
3.7037580678721476
4.3377409067452515
4.788394719585672
2.8273935190746577
3.254091155257578
2.7093722160870137
3.3617972142421566
2.8832541252690094
2.7684286594486847
3.1176157083399896
2.934676615782969
2.9778492659810656
2.956647713069411
3.032158779226618
2.982919914218026
2.8702249173134633
2.8438196446710906
3.1013856417373677
3.004758079131047
3.4776239084664122
2.644324633030413
3.1495980439150824
2.6161097808363274
4.225461041617985
3.3719162178647153
4.70013589876965
3.087318915157212
3.415471561557412
3.8623449171714173
2.898338125333087
5.1069853531195175
4.060183669776711
2.6107886449252913
4.0775724976801895
3.2601757819774475
3.6903295080749627
4.236777870858145
4.59494844299657
4.313035948047666
2.708165582549477
3.13810199589697
4.130283974570835
3.358349769587176
3.213346856534442
2.965527893185891
2.6398053331558096
2.7377457767821527
2.6151163517905593
5.010761887427094
2.901926990213741
2.7683218410442416
2.7905046863935934
3.1105748628386354
3.417019551743087
3.4914234506998056
2.8479329541823737
2.6633821727638547
3.021645331110503
2.8295981254217875
2.7514625012577274
2.595415760125588
2.6481194180228522
4.258282457103978
3.4043245640330504
3.3055230338675057
2.6495626475288865
2.729351874873136
2.8077941741483405
3.3089386821951448
5.14337893629822
2.7595349834729395
2.9433058264510374
3.072640287387697
3.3087467505595622
2.7185796622841245
4.929180551721392
2.5936613840672567
2.59226516725158
2.569433493196166
2.588368655026522
2.5672432106144742
3.645485163341417
4.18736756424304
3.1323866590917175
2.779065830192716
3.4862206502071458
3.3406775541563283
3.5226019027725144
3.3185621967161825
2.968516907121288
2.600769437850692
2.673262431977612
2.6330135161178037
2.7894643127759844
3.5743655411364914
2.9480883324514604
3.0890602384203008
2.995448358070759
3.1876240070972335
4.968394963486504
3.881630735937823
4.900294396784078
2.739837963714936
3.9786150348002574
2.9705263614930653
4.239622581594668
4.150994832628753
3.79506017353806
3.5822724782667823
3.3396178230448323
2.9731160207813563
3.0215058024117956
4.213564648731177
3.301705613302085
2.6555470159860155
2.7419817683649743
2.573164593491656
2.571418964946744
3.463497045584771
3.162629855513388
2.820708841850083
4.413486045097791
3.0149356027574115
3.6943231502031444
3.155799663446518
2.931338930470099
2.8805781169037314
3.1696493063820492
2.6797018030886877
2.6074101739212034
4.47996064030987
2.9810056506167655
2.755247726569664
3.138524632334722
3.6185183613623395
2.787617570903401
2.895381013409816
2.82973529786354
2.7447730890086794
2.62622450549428
2.6796556161732816
3.489866637237933
2.708333796945611
2.774723054626607
2.626700970293115
4.451708810529503
4.032173160434808
4.268694803489874
3.1670269775351887
6.110336674168252
3.434938733296478
2.7061949721186895
2.6773573705880516
2.959301145414892
3.373627496972526
2.7269352952891013
2.886364058947243
2.7859939010986148
2.594163307612272
3.45930434197118
2.7912485199098893
2.7440132559637083
2.9559973591610045
3.8590668693756704
2.565146612722625
3.386153175757076
2.7097802316624624
3.2068521849363747
3.0530651143444105
2.893933078980072
4.464265051821193
3.298770034413329
2.8413647086081326
2.8441254121249657
3.3533516811388075
2.6831590652203783
2.799123968996151
2.93599010655527
2.6869704965413916
2.5891780607037584
2.557776690663448
2.667444716700613
2.7581562681244494
2.925228520485575
3.4628245664387904
2.5837539293415155
2.593223878980657
4.646019110586334
2.6494065773195277
4.026885283615658
2.8193883445736807
2.802571376175438
2.912315687022578
2.683804518414003
2.750015062679793
2.8314195410186613
3.8190967451721214
4.692491455052029
3.6752720846125566
3.8454970770763657
2.6693369036519137
2.5665442164359744
3.382349322776693
2.596539216136775
5.623255557902124
3.021527350430015
3.1141351550107634
4.276801900869882
2.9225761054643495
2.8199458590277753
3.9579919725519384
3.0513569193912575
2.8289773236293723
2.736469253037226
3.2695846816619154
2.8283161847574854
2.892150323848872
3.57780141526697
2.7376408369288647
2.751770634395637
2.791041572918171
3.2537409293503554
2.7973649379149457
2.613206028828187
2.9818206885694756
2.8067832663263452
3.0394796889494007
4.182985063845424
2.6757888624538575
2.7636904621553158
2.8398400634364007
3.257842483932949
2.7829350569468447
2.8829952383924637
4.090906419080428
5.335525156429281
2.654310494901762
2.6201660874349146
4.726795312196709
3.261721162088829
3.105797237070732
3.0024733372459327
2.8124384850849102
2.9589994607337937
3.3698917728719224
3.128844956111925
2.61859297998212
5.834378605262518
3.201137123041635
4.029689616426035
4.153081525478038
4.137161031513439
4.371338048991634
4.998272105720135
3.6154168697488283
3.355335382743565
3.5629152603039143
2.8036538333785925
4.27116226992198
2.6467291786584153
4.023460769272992
2.7647375638476785
4.099505957747208
2.8080733989313806
2.94943212168201
2.7338407149256048
2.6383876923821745
3.458718826028724
3.4221354216119897
2.632565505122567
2.7528457944615354
2.8821698256261845
2.8538758019745085
2.799220218792218
2.6536660803926613
2.8409352205737264
2.591820404842026
2.9333136258952877
2.6809743221663185
4.233483662077642
3.9449614279208918
3.795204050116715
2.729504330865241
2.816412350907235
3.0953952250206695
2.5937294136474285
2.8856737276257456
2.6971307097691195
3.1066128078104507
3.103512926923379
2.8743666149049747
2.659141510530147
2.7528607315557974
2.734635458173931
3.0945527894812415
2.9062943616458354
2.6425113772304027
3.117813168445421
2.6260930900256656
2.7985835770247016
4.005447134723001
