3.084856989513184
3.0702387459094496
3.060546102166699
3.063256810716036
3.146968356482537
3.0936012428916966
3.1001448677425616
3.068515468520824
3.2951065456068687
3.082184373299928
3.151635692729025
3.109361976791736
3.1485506149298503
3.102341517334483
3.1251993617148446
3.116227689387203
3.156570655045569
3.1104019187334986
3.1168450763988487
3.115691280991783
3.105702856433691
3.0946583908995695
3.5872916095484855
3.064126875989129
3.0667960501617078
3.0627581553191856
3.065374225840239
3.0677090357114754
3.0676017199678984
3.0782266680498562
3.083113953038964
3.3390358666453976
3.07724821395046
3.1688766462042546
3.0931594508750675
3.1389100644609993
3.2277200224896045
3.082752320939199
3.135683745743493
3.550550378350522
3.1814764421038033
3.3171761083800297
3.0486536534832753
3.1420185178687836
3.212394024173674
3.0962953536857594
3.0911675664927203
3.079670036589759
3.0893320494962904
3.0796263793867302
3.214632557876706
3.2385803955893744
3.314343526025762
3.104110962454686
3.1942597396855823
3.1413991548803333
3.0512973362493656
3.6004254338323385
3.0236599877829127
3.1360991957705755
3.5532587235747504
3.320669989853384
3.0556426462409663
4.368911438874479
3.097154150910093
3.182443187903414
3.0423117746563095
3.0833286361179133
3.774387225340981
3.5311942030167276
3.19879788314761
3.3578162348483747
3.864040057627424
3.2188643516003697
3.319545721035327
3.9640752953164915
3.2345405549102786
3.46553616253105
4.233860634127733
3.076448222398355
3.4793109847664945
3.100373578921099
3.056742294241838
3.134412298120968
3.1231674672872756
3.147068135599743
3.1474561558597727
3.1318193249407438
3.0793346478579933
3.0683153062493056
3.1831842186867365
3.0971403038734433
3.111558603103917
3.1930887384075923
3.1930887384075923
3.2002546445875124
3.164700902564393
3.479087924036692
3.369851205732587
3.203134887354091
3.2471647930587393
3.106470668918198
3.1573749677593326
3.138397766296942
3.1210674561590994
3.099252606746648
3.0976664850805946
3.185243794302909
3.0934283232156505
3.1281035315891805
3.115560223298653
3.1299880359907606
3.1336982613496795
3.0846049883651685
3.088225785543741
3.049794050508112
3.0877781463247325
3.3886511536054273
3.238010467252276
3.9210301523484388
3.319350495184219
5.454432948531526
3.100536503966172
3.143067174175232
3.0844271779303583
3.1084389513588278
3.07507799115628
3.0791050135234252
3.1700749882445036
3.0926233844599262
3.1300752772989
3.109644902725467
3.155820529598161
4.986446143882712
3.1469808038832774
4.585770029260194
3.1122374913444766
3.160214185364854
3.093831919366398
3.165526529631886
3.0790549634459743
3.155751475656449
3.095143954810305
3.0892189677715365
3.1278579315579913
3.1473684562778943
3.123385181834736
3.119591125203101
3.195682462083023
3.1133508302742303
3.118128541727602
3.0995743769869732
3.0962707943166117
3.1463667322779214
3.1062278483746657
3.1030738217744833
3.0823698773485284
3.127056441209684
3.140952403384526
3.0834392655106573
3.0851359097139492
3.0698309201043754
3.187928392023661
3.110697234398448
3.098645293470573
3.1012997955633343
3.117625231405134
3.2653366518080746
3.1409353888506995
3.1233657365861456
3.4209569885459974
3.2647410424843937
3.113299836133666
3.117539734588799
3.1878626518906032
3.1671733068988877
3.1178862747699325
3.070946157786828
3.133844567306328
3.086497761326852
3.1243316299692427
3.1112003005692497
3.1093724157205815
3.1150861229999687
3.1040874366388937
3.0860290199152174
3.0891324372558686
3.092456109325671
3.084439713651313
3.1519492119929424
3.16692700533494
3.154846790952964
3.103217479368724
3.1263529185711083
3.1316423923002463
3.0861483808989174
3.275298876198798
3.359813667091289
3.1264058596155477
3.239302370849248
3.5029758525256325
3.1333257473158884
3.9855968851329475
3.0491083625375075
3.072166694896276
3.0886790310304684
3.069454565716921
3.301619145531669
3.069614001619681
3.102305610137722
3.0679391685660216
3.420927054838553
3.0507400558778497
3.2957546465478913
3.7421275689337565
3.1307644159410315
3.111610213996067
3.0803133267467464
3.173245112622065
3.2073064380386906
3.0880740748296573
3.10160545078394
3.12363388345953
3.131810415178255
3.22170449644543
3.0980389189889346
3.100395179144373
3.1079680197757407
3.0963769491850184
3.0977669831249237
3.0916210931205597
3.090698223704331
3.082846262290178
3.0687635384598684
3.0712749766789074
3.1114394949135877
3.1127264694250876
3.096491043580742
3.1205175444697453
3.0862412252928824
3.0816706407550427
3.0947710692345822
3.0786009699305312
3.084986552034077
3.0782624644389025
3.236302699066965
4.365021583257077
3.5134453216069055
3.318064502740425
3.374528518310818
3.363649133541066
3.142399086886232
3.1544581572795245
3.3054723865693463
3.164279009033751
3.2062897072768726
3.096177936889461
3.096177936889461
3.099625196613329
3.0384686226134523
3.0387699872683918
3.059257082638865
3.041620580201072
3.074235702807313
3.7473005706872153
4.043338256465123
3.049772119626001
3.2786727597032623
3.0371061986818497
3.0280014992250326
3.0364999694429433
3.3641831210865005
3.117606193208722
3.13204693205682
5.644475280187212
3.142072039370589
3.228499390534296
3.851641060473314
3.0614335058004745
3.094659944718038
3.041681851885061
3.0862644248914464
3.161978398825674
3.0642262565597527
3.152208569922955
3.0998764196965047
3.1602027114627576
3.08763530571641
3.139431261084516
3.2378908780452367
3.1488484859326578
3.122340562081924
3.0754661838897883
3.0995394620940457
3.0986930556303887
3.106670706959352
3.12684109009764
3.125820281138655
3.0922489642965645
3.052191025968931
4.802374158309578
3.3102589509339873
3.0766250696450577
3.236368974474125
3.9755866425973396
3.371879872910757
4.393426058122902
3.8361791092744317
4.032929481168259
3.267937962765668
3.825435739361387
3.3440621680093954
3.2260646395765367
3.134977810135636
3.1150924179591386
3.5939020056192943
3.579261173716775
3.2152811646858233
3.0823995006574902
3.18157780061306
3.1365472300342354
3.0425379237934127
3.123441109916155
3.3414877589116587
3.220179396632028
3.1486144632580615
3.0824088758888974
3.1584350944949464
3.0916447832498144
3.3120021085628824
4.6239121501025755
3.479887849017672
3.9458921520146752
3.2855958169233794
3.076807200391034
4.271721450487195
3.3998886186800146
3.031103678342091
3.073621457874122
3.2189730006815616
3.1731887535534913
3.0816537374638946
3.116342227186404
3.306237893683626
3.2291563800401413
3.0632071300826422
3.081363347374997
3.262510946936616
3.2787316850663597
3.103886817401217
3.3692137022624697
3.17005841051483
3.1394589662238794
3.152542631284745
3.0976753427886514
3.133998680782338
3.1437455362565583
3.089558157719265
3.1057340721228424
3.0909690161472225
3.128740314966238
3.090187545048222
3.105105621287776
3.0808093894771487
3.1077813158528076
3.0944532569982792
3.1305448506532545
3.1082622091001406
3.1258598941873044
3.0884734157436924
3.13959213233499
3.1477788243228493
3.1427262872366546
3.1325579632430536
3.1127088512631147
3.154751817898675
3.1737895716614615
3.4784084828817017
3.1216341012530537
3.200327651626835
3.2166865768987
3.175855185729484
3.0745794147050427
3.1666163834182806
4.549596737268076
4.670718650081317
3.0831122784257996
3.165764728703578
3.51761410682622
3.0454754529287626
3.1624443898848
3.141436790848137
3.1600350348849187
3.2549479532698293
3.096088079340363
3.062210973755125
3.476067430972265
3.086866320110743
3.5690053319210246
3.3026596176396223
3.0923022059409786
3.144032127182572
3.093778064726046
3.1188903589607406
3.1238644408538923
3.080316146410021
3.1024041823134807
3.104989034912551
3.1406328363178817
3.1937666690867257
3.1937666690867257
3.101540022585149
3.2553430491248143
3.0659162878613078
3.0848701465131882
3.1094228829760926
3.097861890159119
3.107653241632682
3.130538857506076
3.1472721373170405
3.110397749245728
3.130304906937436
3.126105369246017
3.1108632261341382
3.111670300258443
3.108177614626343
3.0723858054414794
3.0672821618734254
3.0667843521520126
3.0608869771677694
3.04690584666712
3.0771763579092135
3.0684028422325405
3.086867520208779
3.0919523797119823
3.114050705377149
3.0897906840116525
3.1076872323988662
3.090643732937733
3.1094083273582935
3.0926699340263673
3.1180260594748175
3.3587626263156887
3.2120736691857754
3.0924505361510595
3.93829785903258
3.107788785483516
3.071276467893086
3.219366741976277
3.075556534739786
3.1219602815615257
3.0831158513016725
3.0726172937956697
3.073866712398959
3.348612706796173
3.087569053204403
3.0776999251070185
3.135042096075282
3.0976798408997785
3.0934704706259764
3.0789091623096505
3.523802362035444
3.0901039370604915
3.231984200151902
3.1524384224998596
3.0828074531081326
3.1468459626851404
3.0874452815395625
3.0874452815395625
3.837727545492892
3.0408852261040913
3.120604045339492
3.1472420304715896
4.400282687019875
3.790961472006916
3.0438407815943087
3.087861620919491
4.243216927366274
3.0989718408096207
3.106010642449422
3.138883734988391
3.151293186947771
3.098578258019897
3.1373895706663912
3.293701196856631
3.3788361372877014
3.0955140869013245
3.087609387560661
3.10198839292191
3.10686805740345
3.097388573626813
3.097899493513645
3.1383961517899372
3.1505489646274127
3.0873825591442525
3.2056615373554815
3.8965232187646794
3.1771303801716098
3.62974650242409
3.2525676266538674
3.2186740018123032
3.591482044220868
3.2582650684273133
3.767545205402354
3.1218958645517385
3.041052638561834
3.1276596658059823
3.11750543454996
3.098228358184719
3.0788761325096115
3.0457628100917153
3.047742012249614
3.7237871480106333
3.0994252732429928
3.0994252732429928
3.2740257980105865
3.1748119818205285
3.6696705038093365
3.482601870541167
3.130822094696748
3.166110006129373
3.0449551000460113
3.2406142290956494
3.085462215070333
3.0816675428584945
3.045308338487624
3.045308338487624
3.164935438245386
3.221271183864151
3.542865238703789
3.218929805958528
3.3625414816695898
3.0722683132403854
3.480054779338447
3.1864252484492113
3.092076131151245
3.098406837855413
3.119731080985141
3.129550869498424
3.1003054684017277
3.091550616845356
3.9472960409170175
3.3251882812355817
3.7744681688533865
3.310871647767364
3.3157958377539236
3.57615586226646
3.1561077911125737
3.0873769478302076
3.305378193891104
3.0512728474848236
3.1307898796885163
3.5005832327828976
3.5017194597203787
3.636400332649329
3.285437343858144
3.099306668822091
3.206451652137269
3.664891127505145
3.048284358534575
3.1443668492761354
3.1952212977549324
3.1627506777626326
3.066882565604635
3.0835339765350307
3.041805980871433
3.0591926500358335
3.123933795413393
3.063264122556835
3.50368884978403
4.392767556925998
3.093883707329785
3.097691978429711
3.147024285731104
3.082675217391779
3.154214564028122
3.205845370885008
3.2187351045457007
3.1853477356759554
3.1303318487868266
3.163729778480252
3.121635008531215
3.105177458752409
3.112433600586958
3.3085163995757942
3.2516933633353036
3.0997044367659536
3.0928387474011396
3.092900454628629
3.0894700875634546
3.0986275552483367
3.08056660515327
3.095363300976855
3.102660048534463
3.156248157666671
3.0996294660967054
3.1568415795989315
3.099815137565236
3.0841496628811105
3.0803823297509187
3.0789910936604317
3.096701769339732
3.0881726699083947
3.069067495787697
3.079418607484415
3.286751609580253
3.2565661567543778
3.104404976370428
3.188575777741578
3.0810055373691547
3.4582952573591417
3.4395481534390724
3.2885302968731924
3.162246728172854
3.150090407618482
3.1553100627557917
3.1420207169282173
3.0463641400157213
3.040841999949905
3.0972355374607403
3.0823008969816046
3.099676585258557
3.1574156982097525
3.1561904047379747
3.0754723356261056
3.07330368082427
3.1085894968136634
3.0869195934292204
3.1190757892513132
3.0860250278540424
3.176662355136437
3.1034069282433103
3.1023482696601015
3.122632282698811
3.088050368482565
3.083858988468438
3.0788800382317225
3.2032176342606062
3.1264110926959465
3.0900048943650598
3.575194677613811
3.1322464951697375
4.591797049296721
3.218763251982233
3.5233291217165488
3.4069181764458465
3.035950756884388
3.0672559271565296
3.0665579334612882
3.1055594059424863
3.637447764170983
3.4261715491096565
4.077696097062576
3.5880523365312853
4.153585825029406
3.1155039342274633
3.082612971774715
3.1241993173874123
3.083846614559668
3.09491500040575
3.1972767687863755
3.092608328283937
3.1193488575909774
3.3911124655027516
3.073299908625662
3.363102226679148
3.1343203357277654
3.0959869498400954
3.191732955640875
3.1938770766856655
3.3636989122494514
3.2071505921308363
3.0993152897136267
3.1969573341574646
3.1480409923100536
3.257681026751083
3.430068991890899
3.0911988468318716
3.0677410999406973
3.056571156302374
3.0619049761558497
3.0666501536708024
3.1172307405089503
3.079533726172027
3.133745126854005
3.150754284563029
3.1245426257963564
3.1279528295275894
3.0892938740725033
3.108406653478082
3.1006350075802787
3.106501542943205
3.113219516807652
3.104716886475379
3.1638741553699097
3.0604213734433037
3.0729789793524542
3.0868790330653053
4.208140607757134
3.340195990279236
3.098502397819695
3.068306677230843
3.5035484406812856
3.2400518988096363
3.2183616354074656
3.0625393285087212
3.0625393285087212
3.6369340131852788
3.225203429731722
3.4560212143484006
3.04030275254428
3.04030275254428
3.1379374966038247
3.2151230219104563
3.71776284259672
3.064991768499869
3.270137958444862
3.101624046412737
3.2434834611454137
3.113916549295794
3.3889997271565235
3.4896691934377015
3.0593335902195524
3.061686482506689
3.935394509024932
3.03804754966657
4.0156507105790515
3.208244331307885
3.1619263944805516
3.3745684233756457
3.1563192031324583
3.185928352114323
3.051114568471186
3.635633063977364
3.0692932517645404
3.2815757557529137
3.1624768850097187
3.0291124490690993
3.105957483846416
3.095613200921997
3.1825015711405857
3.071777380422537
3.112843583296688
3.316041111105603
3.555401245876493
3.0699741816641213
4.468365064113149
3.080118089038272
3.1351413844666514
3.1351413844666514
4.8063972653080596
4.351388828937369
3.275056989538606
3.323759654297284
3.323759654297284
3.6592603854026438
4.12452917096182
3.2388340331939194
3.2388340331939194
3.131648333816119
3.0487596743652046
3.0803514119725444
3.3592969386257314
3.117271038800398
3.097917347992224
3.178001863072266
3.0342405264352106
3.0342405264352106
3.1947872435010325
3.1947872435010325
3.050323411119743
3.2837846208836634
3.1592080587422213
3.126474326236342
3.139251438609104
3.094777715643644
3.0687394182978367
3.1657433231187753
3.6060072912348105
3.132735552462343
3.067771526068015
3.3216404740208865
3.3707892527715386
3.080604436193721
3.152816441907915
3.172558170820988
3.1433037294432786
3.1481616869802265
3.6309114433479137
3.349996329228384
3.1284617457811574
4.088495521435374
3.09530686765459
3.227676687802466
3.562985632494412
3.2304347440862893
3.140430951266037
3.143849450183907
3.3103836651065865
3.1052792897951997
3.1160205666999112
3.1220154521059325
3.112458961917791
3.0423633073484533
3.128586331227151
3.152851552440474
3.078105383528392
3.12143417593368
3.127845850760108
3.112521235999935
3.1102324470237033
3.1290668548598775
3.1016860875842935
3.1138815060204497
3.1637456927794743
3.1051080378346083
3.0802576099105954
3.0822693491515807
3.0883578177279265
3.100369517991078
3.1980506698930156
3.2332549190047777
3.1117146898755372
3.1117904998722477
3.1241523090313215
3.1527514231350677
3.111929466567008
3.6534360038105578
3.3029537834649876
3.683134162285911
3.3159202709780318
3.235473929490488
3.021977794430099
3.525584056188145
3.1967436300126497
3.1593769349135643
3.0992644366109627
3.106583961848594
3.142124340492794
3.07556923922585
3.0685512657593783
3.0985019938207903
3.1006426762539085
3.120455228405534
3.119616601855169
3.1658744411826216
3.1133834081813316
3.1290903987124254
3.0799660918161305
3.385971424802766
3.4767786406464363
3.904766100350333
3.1824905516613047
3.15418646890895
3.0851114280809506
3.0837422850803
3.073296387025235
3.1363861617659428
3.0921965343349913
3.093097023929463
3.0810688395628327
3.075215680991248
3.0963731957096945
3.0902162210419597
3.118612814194665
3.1235542782390984
3.146660234741403
3.102444931695725
3.1203005378462736
3.125804334995965
3.125478526899968
3.0749191165635557
3.070660068215321
3.1088660587187835
3.649336290976481
3.13175736411661
3.147749665437455
3.1467319446976636
3.7750779006222186
3.0959406596069794
3.191584007476961
3.1238791223779354
3.1369337022260204
3.1573792932457883
3.107739957441157
3.1019773367521224
3.0833142258048145
3.115784821975364
3.074675086863035
3.1384471185428513
3.1119094684020316
3.1182721321865325
3.105586772713835
3.090064086859557
3.126387944108693
3.0901280284972414
3.1435737488957507
3.0969557033724677
3.1014377505328814
3.0915552097574994
3.1121721777400144
3.1194237612769546
3.1365520812446532
3.1577663823104025
3.219161808678488
3.1094811185552347
3.0861784284341205
3.1290533775094524
3.1091356574891518
3.560564562620934
3.153584966670469
3.475567683778618
3.0633568882268327
3.473735479847366
3.536866408740064
3.4330672823896906
3.0502821148040598
3.2107896323481935
4.205697015884245
3.169146055369759
3.149677517913448
3.8052847778333407
3.401679602928198
3.810638601736401
3.0893078182667124
3.770294396831768
4.129732731209757
3.3908146297986423
3.0977793355871404
3.7855265303180503
3.3026042852430724
4.142028870341528
3.487674945197137
3.1809432554181982
3.0589583781219165
3.119002727548972
3.228034494605584
3.228034494605584
3.1117951871048346
3.2717789719092174
3.0389703063970175
3.302924641388178
3.4051828682967638
3.500348668884863
3.0850718145935945
3.189498258588168
3.0900102255998947
3.1139406227140793
3.108725482214734
3.10639648152654
3.097839613638005
3.1374272822108327
3.179585092628092
3.1246305582514387
3.130973422497579
3.0984560554842493
3.173965946452204
3.1171324282198305
3.148239619471523
3.1244659441380285
3.1613855537582953
3.1348458343603927
3.116575723379069
3.1253755568789887
3.1281945389697006
3.1616831137097523
3.097335151967522
3.107849206690765
3.1147830320285697
3.519767827873958
3.1450731137595285
4.041238068902878
3.086098126267581
3.115631760379032
3.0756452551115165
3.0924989883249947
3.072949245383377
3.0741734216960355
3.099896442651856
3.154933277296416
3.6835304755128657
3.15881423277099
3.208886374815994
3.1747646643883733
3.112839578480004
3.1170664468246168
3.2135870798206163
3.1290307092690623
3.0982710453013484
3.0958716244698703
3.439652878465279
3.48083611590826
3.4766331732776705
3.2499774602916105
3.2416522323750994
3.969867565282103
3.22317200022648
3.22317200022648
3.1331004987522886
3.973086322710261
3.661428111012502
3.175131630007999
3.0959190775960375
3.161500368682859
3.1070793100070047
3.1173680758978657
3.116403904288317
3.09484340979991
3.0813130530128268
3.062721222745808
3.1521193771740394
3.197317237049033
3.089840908591273
3.1191402479316266
3.0788625412378456
3.1013623705579874
3.0951955418270836
3.2070444340325968
3.1054714854907415
3.107766489631993
3.0934662260123766
3.0731395684694
3.0838569724262337
3.1112310176462072
3.0991254382833695
3.1370463833196016
3.1717325714563707
3.126065436834651
3.1311462445623004
3.134324590612679
3.1581379916875885
3.5092894901953557
3.1315455928762868
3.1213102032631967
3.074195551450032
3.118635369922682
3.121501984926081
3.123082554400392
3.1675656181283487
3.142755355607361
3.122589378010568
3.155614632862747
3.133715720651728
3.1964978305227767
3.0813464665682666
3.164333565610686
3.14234965569912
3.2183503320205045
3.143730880452576
3.2959181297361058
3.116223666022181
3.4144004531540477
3.3487617847396645
3.0578300283865403
3.3687179599136425
3.2413000875666342
3.0857121832461294
3.143604159504884
3.1932946700716514
3.1617007099623824
3.119814469380328
3.1226390553408603
3.549983810398957
3.0751310789373254
3.070234425920516
3.2853860744560537
3.145705150655795
3.114341214147943
3.34538481442315
3.121416113879001
3.1521770892954004
3.2885825895784784
3.5463636415149855
3.1421977269056223
3.546783770000018
3.108144474916678
3.400764969351215
3.1113726427864714
3.1495036798420277
3.117821710446105
3.100376326826298
3.1281460132147387
3.161421196578002
3.167693368770066
3.1629193800426165
3.7609376055919554
3.108347255732685
3.1367370181429366
3.1156071618231413
3.129160332066998
3.119912256449422
3.1083797875220434
3.068930133140519
3.129593520530022
3.192959417874551
3.113055004297651
3.136537182590336
3.1253430213474123
3.0965068691936977
3.122316735011009
3.1055738685847167
3.148121718654123
3.1035142386367625
3.1460484080863114
3.1489962131544487
3.0835486790230746
3.1044092825971408
3.1362966313546172
3.1489216503534476
3.0904486307648273
3.1320093333773866
3.1721983879346016
3.1853413690456054
3.307591947651028
3.1037927363353868
3.131804358670636
3.0835013889440193
3.11873642556881
3.1060962860598256
3.1045573431973157
3.11357898610151
3.1151395644067366
3.2582432952107725
3.231819986089288
3.512736273853694
3.677519113079336
3.069436162211701
3.5486287171665647
3.0693103695480115
3.063201827386772
3.071859763656935
3.1830130895235205
3.205633414311187
3.128247154198105
3.16068227792468
3.0943629716972887
3.079175178219521
3.181106621682678
3.0975610690407125
3.0899835811615737
3.121890323474715
3.171811388092107
3.7227327048191823
3.1077274344739183
3.126093319707774
3.0967386178022966
3.1027214120937665
3.0868281331561143
3.0937367394406
3.120813331555308
3.1001371363464196
3.121520492445746
3.253371139809592
3.243322320608594
3.0753712649665337
3.0823338274726497
3.2309113622175185
3.068189294869802
3.067593782007523
3.1067708734317834
3.162893976362133
3.0628619652704896
3.1480180602210814
3.0749733228409797
3.083841244028896
3.234264313821491
3.085144221795342
3.080665293931177
3.178790490913767
3.069934531030436
3.128202770677935
3.1214767103436256
3.1506859929592865
3.080987384577546
3.1328238595521234
3.071263621346321
3.095184091682222
3.081511202716901
3.071992139123067
3.094233592247227
3.1315210884343805
3.1137659736791177
3.1194894040194283
3.10185078973163
3.081914132522927
3.1703630101055147
3.08472614654253
3.081473649952236
3.1162933608204977
3.132384345804989
3.1161500431584037
3.115432627116473
3.300439412306954
3.1699892584376492
3.1056115406119584
3.9072883181455285
3.129929375971165
3.1205855764734807
3.089620146809797
3.3950121321662245
3.0943124436906335
3.236186747479719
3.6052131378407593
3.7312012416199725
3.024638289247256
3.246883861051106
3.194847426327232
3.0443203686682967
3.1917952534210805
3.2101146283278457
3.3300446489898214
3.0959270955973075
3.0865378677348034
3.0888846397021776
3.0926672028799946
3.0921692136257155
3.0866906965649026
3.09075861276443
3.103436127449721
3.1752375350412505
3.093104589363477
3.109990519727048
3.096419017648302
3.1218930539245413
3.1158093900359574
3.11939693615239
3.1341782995021714
3.136644860262732
3.094862690399177
3.089553583248464
3.0800886344723852
3.09621664735755
3.1324043826078984
3.1016444087118575
3.1199007815028876
3.0938238773935507
3.100110864994669
3.1187454327433746
3.1086690557358825
3.150209218837166
3.0907647868163926
3.1039042719978065
3.1039775678280206
3.1126113825599653
3.2003011522218148
3.0856282817381495
3.186563461769719
3.076893537789923
3.5678558643246707
3.0682596862400553
3.654542462654947
3.1218615766196383
3.0932523931953133
3.708502875295628
3.687877911844868
3.2216729027401123
3.0709248231853516
3.0775158085748737
3.315991755638748
4.53808175526771
4.330792179822415
3.531944297323601
3.241899687087936
3.1085342184734115
3.1569766543183513
3.129406713684019
3.288969310469468
3.093525077379758
3.2345040295644987
3.1697844089318608
4.035235342278694
3.181706615354081
3.518648143646666
4.244011985405024
3.642425315855232
3.1121369570269124
3.0797562752722447
3.133388875047507
3.086838046604118
3.105878783290317
3.089769497367544
3.0859953245870475
3.134386532461523
3.195975847755435
3.1292599732545985
3.0932238096660045
3.15959929480568
3.1123734332476793
3.136944888652345
3.1106312171158224
3.156918024687429
3.0706547226480714
3.0740873423053214
3.127578137815239
3.1103868668413286
3.1217461795957737
3.096664484518643
3.1311193949499687
4.745108896281218
3.0930242614874537
3.5167257839235835
3.2488874301685247
3.5508580928949733
3.0957941911947437
3.0999647242086277
3.1341074221274465
3.1094182935627925
3.08960774203479
3.1025799978875037
3.1100823233848285
3.1246066534870454
3.0842274848210387
3.102011660206233
3.0937965492478723
3.2042614635921662
3.182376607131678
3.2258305388566395
3.083848932410898
3.3056441710312034
3.743444073734598
3.121616436092159
3.4063222285208066
3.083799235447974
3.191001653551237
3.714592773331036
3.201322905992628
3.216788319095192
3.367730532436523
3.232674469237967
3.7665704909663162
3.641247770883991
3.554841910532514
3.1542627833222356
3.300300191218212
3.1800348154593423
3.1642322857847436
3.1271516695823016
3.1960161028554555
3.077650607198729
3.146127604131581
3.1224562987746993
3.091950261101984
3.1174255362386374
3.086185527686668
3.072639514463358
3.1787572684845764
3.3601569293348827
3.055705370379078
3.0882471947196444
3.135015941934954
3.0891001591529657
3.979794361157282
3.16953352340203
3.8533300894541243
4.912656048847593
4.234947715324643
4.065058300230207
3.47024179118216
3.071153614154137
3.087873540416079
3.151758558922728
3.1390082068253173
3.1030658943903253
3.0625880327349475
3.4334408963886593
3.3227565525906844
3.222895411602212
3.5997078384948376
3.453614047078718
3.1415508710655526
3.106524343342943
3.0975920590036123
3.1368964623646143
3.1859778240325296
3.060329415256319
3.0916682495996453
4.243159942269249
3.1103028630856677
3.3049430492538114
3.093987753572112
3.0695026549161777
3.0803282062331183
3.125275374541856
3.0867953472611127
3.205389605493494
3.0793438507661515
3.2609038748313903
3.1055038988856563
3.134521347935172
3.1028217544314955
3.0814734222912565
3.0877309829415167
3.1062896149389276
3.0888453818882144
3.098831454481413
3.133853159888271
3.1151824067914724
3.0780164696853856
3.11433269854478
3.0959536655180355
3.126635778523028
3.0582575236698895
3.0904896676187765
3.0666272845545564
3.1472152777377267
3.1650231444449393
3.393499075020012
3.3436044238675393
3.099264433569498
3.11191679130786
3.1089926179225453
3.0943054255136553
3.1101694512578613
3.0926091513510023
3.1769844061047565
3.1046999773988917
3.1854999898697973
3.1038791930573204
3.1453334797213386
3.176728288796574
3.113654311295114
3.1494306427989063
3.092411692871454
3.0958627802752914
3.09769887978272
3.1130805964911477
3.1487604817457715
3.0837021200308636
3.069467432944292
3.070889617529934
3.0757278838498854
3.0732092940015674
3.1231306666723206
3.0966682084023605
3.0895708624482587
3.093544702848877
3.1892416610300316
3.084232135156222
3.1405089848603103
3.119969128616951
3.14632365712282
3.1259183793545393
3.1842956489094245
3.0716146885420774
3.2941773354115886
3.063256585805582
3.0872808836594183
3.1178826498324
3.210363881185852
3.1504742319737287
3.069922677170625
3.187065552440992
3.1319004327712205
3.490988178059445
3.1968973195442016
3.056445151079215
3.0910906289183995
3.058243294766955
3.2403613684784447
3.192390004868177
4.00464641859858
3.094713873177093
4.213400822400645
3.1742456383293263
3.1107368961920594
3.1099130564672812
3.1368908563601394
3.124649695946139
3.098904169116838
3.3515870151627425
3.1280937334921544
3.160155744916249
3.1831650618140817
3.1263087548698216
3.1033155535343386
3.149317396888082
3.0930064937467683
3.10876690814167
3.1085225910779775
3.264858157246948
3.115380127183368
3.1141170837570233
3.096099188308574
3.128004225473054
3.09125326688113
3.1226515205219396
3.1012667522864295
3.155802506660812
3.148295845054088
3.121402499129137
3.10612661512182
3.089673971055124
3.1314583946529977
3.111688979702884
3.117633661745206
3.0978542511306517
3.11320330318873
3.11990431463765
3.082192351449887
3.1121111419898906
3.080586227692711
3.1929738440003796
3.4869162370800884
4.899260732686395
4.109371646245756
5.6217368722579195
6.054991505224472
5.034356404508598
3.195868268078624
3.1105027974328228
3.122283626661479
3.40686171762366
3.5752734194695113
3.0756653531494256
3.158086893480272
3.0903994946861815
3.1431030778605167
3.0883372203092985
3.101734049489452
3.1025144828329867
3.0843760955492887
3.09129322067609
3.150380478593769
3.2122534901420545
3.172691987028083
3.2516490193141325
3.8740037117951385
3.105655017283078
3.0995539964270145
3.1108068199062435
3.2014181034612275
3.2004153859847513
3.0758592643671854
3.0843378360728835
3.124134534532296
3.1431427531047236
3.116416060245374
3.1038620501667658
3.1707254300450813
3.0796781870286054
3.679073182472834
3.7630517358665316
3.1419846558142215
3.2754918500331147
3.1633939746487885
3.148110982854848
3.1440923445600486
3.112543749229367
3.0906914927227493
3.082153459412276
3.08779119150639
3.1220579853152683
3.1082025149659103
3.1177962894647124
3.0845776016137325
3.132814966663548
3.10371549135705
3.1025917021599145
3.1042909788290016
3.087206307909904
3.119284530593518
3.1118022275434987
3.1025288985022277
3.1715327417549135
3.11296208284838
3.0945343697289323
3.0890371415728772
3.106297896042426
3.1241809575091617
3.2692977822884535
3.088117413863809
3.2964503582325726
3.0630450512533045
3.0644515728579313
3.1175193314427365
3.1011830293977667
3.1232729972197664
3.0909253837761126
3.1048397634708564
3.0904962008195698
3.1051084358396572
3.1294398330869697
3.1407268109192876
3.1091682323602177
3.1266039320997665
3.180199187195818
3.1493822772470126
3.133609279137442
3.1161416221803075
3.208651515691427
3.105366819751205
3.1508838277944977
3.0873023442876804
3.1280355678646896
3.0898138168718656
3.201400888617499
3.1958108445147015
3.1297419256357966
3.3079076964662724
3.628408857839476
3.6052360410566373
3.1929397600323317
3.0969608999183986
3.2922931804901943
3.2863082707322806
3.7420894696674405
3.1198437701865345
3.0847047788454955
3.2479078841728457
3.2557504413791394
3.103547587750876
3.1708394968386147
3.470403714503207
3.1110494354622893
3.41506631343965
3.1116783937868915
3.141899526667273
3.063055087419858
3.087385363464997
3.0962338076274456
3.1934762463875406
3.3809320693423945
3.319550662119566
3.6530762308715343
3.084293933176556
3.0988952384826254
3.12950622217879
3.128204223033795
3.097227500858166
3.18610385877144
3.0450684212277763
3.1089748634741197
3.105694122154979
3.0770709595163837
3.1548993867125015
3.170779346904965
3.230636918037942
3.077886869942012
3.077307503519546
3.170621626536592
3.10253014836415
3.320021766282165
3.0798292403217387
3.1013100809919933
3.1014692136623325
3.1335345524480362
3.115976824111934
3.0712035723897277
3.0725614198800804
3.1033744255017908
3.1317136882513514
3.163941899345531
3.2788418296068795
5.22618072033632
3.1116608630612936
3.183159083159072
3.1444314064746557
5.349898211020272
4.984150434652832
3.1349323731689784
3.1808094504833813
3.6921311055482513
3.162695579871593
3.2272793438117082
3.0972787834908075
3.1792590230684032
3.138172888801395
3.106348199327228
3.086363515373108
3.097148549605011
3.1418784307053205
3.118768194352256
3.095466245076738
3.104406590868348
3.081300146852019
3.0825307138717086
3.1027342968773404
3.10930348323776
3.1157928278996474
3.105962426133492
3.1240075472957702
3.113437118000692
3.1237591175087953
3.134013228379419
3.085061459886044
3.9449253942361384
3.07788265754378
3.0677312157423873
3.0908338868131175
3.090584293440822
3.122806066418476
3.1720804203239052
3.1055037069069646
3.0754045178449685
3.0797820221111674
3.120812359685545
3.106218958274917
3.084052298283371
3.1023788968030876
3.1128979297892876
3.2222951026975086
3.1502569180504287
3.107034089220175
3.1197333613102787
3.1343494065270967
3.1335849888113536
3.076829917472114
3.0493376761685176
3.1084432091017775
3.027036546606727
3.532416805102896
3.6045810802276135
3.397825931769223
3.416371120053865
3.0722079119129058
3.1731178222035026
3.1636988393446606
3.0640855194008254
3.0528469070591764
3.1199014779938636
3.0847951754216956
3.081463120505748
3.0780007484053256
3.467365421284544
3.7901882916174747
3.0854106440157367
3.5546839550512273
4.1085282683937
3.142422839864993
3.383786045328185
3.8461005207625636
3.1415452268163397
3.1134865783424734
3.1184232048985314
3.09750451824879
3.1115838115734533
3.106534126476311
3.1114258306438742
3.1603413429326768
3.093352813326373
3.0920492104534163
3.0727975172207898
3.10657334757874
3.0875906034091374
3.1477377610688078
3.1281046962375365
3.105539191537213
3.1693790628681366
3.1083370447217815
3.115105372958107
3.199312349872635
4.447274037647158
3.18396366628932
3.385489677771747
3.0775963607831884
3.2177807298878385
3.204539323979212
3.415277647394751
3.6738954809045836
3.194431986324071
3.1307130516982022
3.090944700950876
3.0825617374803844
3.7235096676398904
3.300917465524156
3.116066235850438
3.2070813748853055
4.792498024920357
3.0839027659462537
3.1206607234129224
3.122759960550886
3.096265767203773
3.0854396757792624
3.075179364697142
3.0729801470864864
3.067153318426515
3.148999526884983
3.0864186710071504
3.1301709522473353
3.120221353290173
3.143011931800861
3.188036340265821
3.114755535711457
3.129006861480751
3.0943052495100067
3.079515819345163
3.113203859272384
3.1081359476121646
3.0959658921040325
3.0946965731309826
3.0794541418294554
3.1334174571632425
3.1204875913045735
3.1355812320854506
3.127760003668692
3.0903148060663965
3.1252103410437537
3.074306224242439
3.1833312711317916
3.2354389394521177
3.1010785122006306
3.117789401225578
3.1317517574392433
3.1329094522131813
3.1031700223200316
3.1087590534613634
3.0996041892242197
3.110295568161997
3.165147115187957
3.2263787475452115
3.2297314809462
3.095730469891324
3.1068278429359735
3.1559096819544252
3.1153849186577007
3.1173101506351637
3.1584129348976906
3.099925642370744
3.108130484636499
3.1777367870112676
3.1381064178736264
3.0960412842197558
4.831911311037469
3.1366588613190167
3.207197647801755
3.1423353576040935
3.173219041047961
3.1244008336403657
3.1037516126790603
3.1471644359669684
3.0871713805578462
3.184548730133654
3.08669504876188
3.1145867719506963
3.086116346918738
3.079976009878102
3.0815692440331883
3.1552426451309907
3.0980420969500146
3.0960887088712252
3.104370775822593
3.212295744927677
3.12615702392802
3.1451214690735707
3.069233085257261
3.126808350662687
3.123403762694178
3.09834238227913
3.143232206726692
3.1146184348364243
3.550790285064279
3.1778796563102563
3.598108581256102
3.079436524820229
3.067547945421448
3.092190850581259
3.1060628624229456
3.1073780372348807
3.1007868623111836
3.0905708050808256
3.128922282467956
3.109290363234834
3.218037209276136
3.1996997059872614
3.1041251137841503
3.1632448688715793
3.142872195584001
3.0928220035050527
3.3565343194004797
3.0773290953584658
3.1019698352407477
3.167540336236425
3.1309547552721546
3.1290657150033065
3.0578679161939166
3.099976824527764
3.1250320041765747
3.101621968022724
3.11019997049856
3.085657417394048
3.075628897238764
3.081103261398453
3.111668950230509
3.150676077609522
3.1263541880179773
3.2991489290692537
3.121817803518953
3.0983477465677813
3.128270854657025
3.129160795079434
3.1182892471974424
3.102021050420929
3.150862244575413
3.1182640360255083
3.100038321499469
3.1201921302695474
3.0940560274993145
3.1046303506455164
3.8817225756660956
3.5124129501258716
3.1594467299385562
3.096829057011995
3.0516052256035304
3.0769873069161853
3.257071022912326
3.404633501554226
3.1703631544500137
3.2333830010915436
3.6439501253214175
3.617607634170704
3.2742627443085515
3.1082607315081594
3.1168635821079884
3.101840501241641
3.1315241422312066
3.124096420092892
3.0999696445627585
3.262789447291011
3.0996397603833783
3.6768091851101024
4.456391039022513
3.359862855238051
3.152744312313941
3.5702116094753507
3.1950917948743154
3.0961819839035742
3.125042933507865
3.091466483748168
3.093846248338847
3.0860122642810857
3.0906201240511275
3.0804311211650397
3.0773490357176123
3.139372516405294
3.0925065209615763
3.104145063887268
3.140382021238258
3.137095456390089
3.1498720255956973
3.0933967861432143
3.131892756928459
3.0994175410538083
3.193263250413056
3.1110977890204436
3.105305082756491
3.0983937164050093
3.106774748127177
3.106307679459715
4.032711062951332
3.2596757855664085
4.008409706138161
3.4165614569082954
3.3800860677391453
3.0999787623786133
3.1686620396037495
4.437039903918583
5.22003429277118
3.062088663826694
5.288603441624232
3.0287846930247944
3.1215909191019096
3.0981793223620104
3.07919945792944
3.055228222451607
3.2391389224221587
3.0714486979620093
3.05417788805832
3.4114213426342808
3.1867912371768186
3.1519404294359505
3.5650713059410597
3.2587883680410537
3.090975712009105
3.1384386437306517
3.106658255579798
3.037516079409589
3.0848516864688147
3.743151524699094
3.1028859484804396
3.558081810989749
3.3287530515004105
3.1387855634259054
3.1046158776621446
3.079153800337301
3.130563483662697
3.6969090829165374
3.1007121766124817
3.2711259692648103
3.44953427006049
3.2054291236937207
3.0984498463874557
3.0773278731598612
3.098770288835984
3.102516185937713
3.1060931533764315
3.0781517711637303
3.679466033753327
3.227920723733216
3.14690406556827
3.424750994985941
3.311768594519494
3.1922985154865673
3.5982327095210707
3.719258031268981
3.0647473732484634
3.5984691741695425
3.2491247469328797
3.2592410483878727
3.1259399842934483
3.2446414641091414
3.1179976905078304
3.286702146484837
3.0877291210650264
3.0590689871844323
3.211625163518939
3.1938935932058836
3.1708615505740356
3.2231880782662756
3.1117509959493677
3.1013880414853583
3.225299760485247
3.0531334819846094
3.107151398665061
3.1417564923624037
3.1555987148544093
3.057182594230051
3.418932885069469
3.1682247549647453
3.17166876878097
3.6792000740777193
3.2446931536263266
3.0991193945142674
3.141640638096029
3.1456837637940533
3.06359105996387
3.0971969731468283
3.0930406037666014
3.086898477983028
3.0858301301810944
3.1050338578038783
3.7361003126497456
3.136732973800462
3.135634146194037
3.126714733728584
3.0864888124740633
3.165655357812118
3.100091015300453
3.082219934533647
3.073937544697193
3.096607127759167
3.1029659242185064
4.517929220554067
3.213556929090314
3.4431427754434303
3.108114650936204
3.1403887850817265
3.0795812245564047
3.108134400243812
3.101821846060088
3.110985049822168
3.1201275092596124
3.080936856720184
3.165180196430588
3.129569454340025
3.133169161430573
3.1633003829283575
3.080291278304811
3.148289050292705
3.1701963974276732
3.110520476791371
3.106390831069085
3.0903262677539574
3.189444377692775
3.087035830224295
3.111620762331011
3.1298350057813025
3.074117968938908
3.1339689797628565
3.1723943706947297
3.0830746594850242
3.085102323838333
3.8443352614500412
3.585612784962144
4.6217127756055865
3.0696369474930094
3.0728359718804508
3.0755678586649795
3.4318815139026437
3.118016523693199
3.100744709053647
3.104234221758378
3.0796088320073904
4.3270265093299125
3.1191287983489175
3.019783152195828
3.09493928649557
4.313706798237342
3.518079584831984
3.845384474517278
3.3435492207478226
3.8530970878344943
3.318606678447251
3.5767724091189477
3.103173978611456
3.072835462463561
3.0764657072360224
3.07122959658471
3.149457934086465
3.1157702870951396
3.1760830469292247
3.1323703184321836
3.165225350233144
3.1377402587706786
3.131015808383634
3.1172980212468073
3.0945821753854266
3.130709637900897
3.1180706541958427
3.0911521638109285
3.118596206856129
3.1647282924305604
3.105712305371845
3.2246312993079416
3.29090273999841
3.1406669415353763
3.2047493324344716
3.1763945189136984
3.130536550489371
3.1160730457841197
3.1453908766667373
3.132832408699817
3.0851585645077533
3.1547377565637063
3.124644241156253
3.0993861226065924
3.155971130390749
3.117767648644574
3.1049935434152287
3.097948708584334
3.160174504190444
3.0994146014473722
3.180130669252829
3.08864971555262
3.1553777512624293
3.09344067460588
3.1353814967552722
3.154775235932253
3.147145899498479
3.1358076051843335
3.211131650781729
4.186924451138333
3.0660744270786826
3.1569965048472772
3.124604141266161
3.154059340483364
3.2638236606061577
3.2372797527356654
3.436196840442625
3.1450774677660718
3.2215514644570655
5.132478800426833
3.4408170000583893
3.2265096005452434
3.393650037688583
3.2598314054470237
3.0670171490392355
3.117921932758306
3.078659831448249
3.1009128105696164
3.1484869816118604
3.0856678394929054
3.114899201134369
3.1338569406123846
3.0843834963184515
3.1767298800923323
3.112423032306892
3.0956802180111804
3.132221555260922
3.10217838865122
3.1008216735780154
3.111389683310981
3.1794525130537936
3.3460886755948867
3.0804788291429785
3.228166291931104
3.7808102521131137
3.3115740261274085
3.4016366316181967
3.494695569604795
4.029568101518475
3.265913068773145
3.1951604612295235
3.034974293381108
3.2971515948882093
3.622926009786836
3.0808990493952426
3.0613803441237666
3.410626459570385
3.696076726742035
3.4121374457157456
3.091709707442015
3.08518868510364
3.2955351138226026
3.1220917985282366
3.815893171299108
3.125248300404773
3.07422354351401
3.2194172598807675
3.0551143537370575
3.05185839995808
3.075785865314396
4.026517524007948
3.555479498993932
3.3652632337339563
3.3057243500368987
3.422872269707214
3.2692491346211225
3.10511030928713
3.075534120701578
3.0992856820899752
3.096875461363854
3.0739905480095953
3.096833449716718
3.097122764730661
3.1081130090380444
3.1085885561765325
3.1979823857337615
3.0927483865825924
3.1209142572170094
3.1010228467137986
3.101435604142329
3.1275470463285733
3.155819055139707
3.0988158198653544
3.1816669594260443
3.1490739355570936
3.169728986819819
3.0954334796471765
3.0862985958908156
3.140217316456689
3.148649574466635
3.0894710786097628
3.1216550678834873
3.132377827276194
3.129186641730341
3.09209077369271
3.163480870386727
3.0950724009254227
3.154569291221084
3.1340816776920053
3.0968810076210107
3.1326061466871113
3.1181590169457962
3.093413080072933
3.099295954156449
3.474709634613602
3.2160208043511327
3.104292276175928
3.1563209666588903
3.1311526610576883
3.0866376079469844
3.1039157292969453
3.0851561708222577
3.171360870665759
3.236827964134015
3.073677837961675
3.1559536226266345
3.120715539903622
4.014739810046484
3.285085532846238
3.1136657912406194
3.10991801802626
3.1627248775592296
3.104738165224057
3.076899217019323
3.079965120386034
3.047618018842775
3.7776314071989847
3.3063655921331794
3.1575867352586324
3.0878360523522304
3.175892844359394
3.498626264177763
4.014657884401151
3.2228119280619696
3.0739207832180613
3.292648000675465
4.696590680859071
3.1874707616374707
3.076469727886192
3.1179689471442247
3.1050676189894375
3.196033328699114
3.356260307605997
3.5885622238194435
3.377589777075732
3.113504098164766
3.0981769255232003
3.170515932840069
3.0840753168160124
3.948957231607476
3.724949468056569
3.1073760657190648
3.089507375279541
3.132128557586727
3.2451217589642027
3.0714250606679343
3.709795940960059
3.313367054168935
3.148923389285951
3.3320033803993416
3.152165475619532
3.0603394039894907
3.077959005690298
3.038903658053674
3.6121240097631677
3.055944726551448
4.525049328257993
3.166781959418842
3.1519904378764823
3.3578125377024834
3.178858172522192
3.2481948494395754
3.1330832164706983
3.1785273751316865
3.133039298549657
3.1320695664041738
3.127655831668435
3.1082508870053562
3.1281702712320536
3.152032197866524
3.12709554156042
3.144898890246638
4.410133760279848
3.131627178034899
3.3472501778737023
3.114243589968466
3.0837470392338298
3.100599263150676
3.0801627870163104
3.077709603505835
3.0826578180544013
3.226625281881135
3.1611662927630806
3.139420141905734
3.4362958816860485
3.1386924664917535
3.1391823580605243
3.241392829909079
3.0750395449972623
4.903179396684696
3.098304469548465
3.1266241520843114
3.1481956831972004
3.1075999054248946
3.0938837038811076
3.111046066590756
3.102547209416981
3.0887653801956376
3.0913134468948327
3.076824631970898
3.2712266342266862
3.1880029334284585
3.235730235277226
3.089384355586714
3.0949429928855485
3.1100532399472565
3.0857340359466114
3.2788792102356483
3.3020384623865358
3.1455733427026153
3.627287370091051
3.1607683311250145
3.3582537903015885
3.4196973061040983
3.0922204016684947
3.115159036566484
3.1564678858219453
3.140754019307878
3.090762569272642
3.25334622088232
3.121185940197569
3.102461404429458
3.881888256752778
3.182716631696854
3.116134728539241
3.1973621927415454
3.121647256415369
3.1215335561885404
3.10445067444258
3.1139163175299522
3.1167854557800165
3.1091184882606395
3.0773881957721745
3.095470778579528
3.163131355088013
3.142523519696201
3.1469038514743146
3.1190308841334633
3.0932832101648096
3.1195843454037275
3.0727173199036066
3.166770351240155
3.0858679734136505
3.1306650290830005
3.3552899018767812
3.7964983286453498
3.460370509553632
3.153154418172967
3.1278212912311147
3.191727086719805
3.0959106637566647
3.2351067272776906
3.3870940895286745
3.1783349828278604
3.0277012717093226
3.877377933656415
3.228707580454568
3.3385672352802294
3.0574797120423036
3.1207145698760197
3.085963424337207
3.122520210375524
4.060990068094425
3.1409014852791115
3.0579133479609157
3.0545222055931243
3.0957635074310894
3.152612685277726
3.2752631578888054
3.0842544894805055
3.1289970374784883
3.1352023017038775
3.2158716835093166
3.0982146421418375
3.1737067973439403
3.1093440889820547
3.150209980736215
3.1754396339910467
3.180475106408998
3.0822808661323426
3.079398654589097
3.0934263999671883
3.0724676224053082
3.0996463420883558
3.6910429662402064
3.173762655531668
3.233065252396032
3.1159785613559556
3.1684774989158493
3.1668793047730097
3.2523192925470465
3.118561215673511
3.0893800564522773
3.203095922284685
3.5189468307038614
3.075320667731207
3.186157217982897
3.101225156294457
3.08178968946425
3.091421641341072
3.090111618109112
3.0861918202823935
3.0933553227375485
3.0888124502678576
3.1020089866818
3.1626535221313503
3.1132913374286137
3.160185186033873
3.0842226853990278
3.144819810945849
3.0755243468007896
3.077438948231028
3.096740541821196
3.095238008951554
3.105622990272651
3.09370962293869
3.08479809669912
3.1099432462065577
3.102154150479291
3.029173504689801
3.0757664868614984
3.1170958349374214
3.1096100881324307
3.0873081899199755
3.7467273938356676
3.5443620174153634
3.420147909253852
4.107423297029765
3.625017464166353
3.775437381489192
3.363631034919801
3.1937089934154033
3.0936666271899673
3.1077781650078085
3.103665314396006
3.143015976533248
3.4159471930445275
3.8827527996020885
3.163289051310568
3.518665603488005
3.721658851576436
3.5032942712252444
3.0809812329286896
3.7029918755227325
4.261540180422433
3.193814516939596
3.087877765275398
3.121826446863121
3.105690806348165
3.1207291908231
3.1172498480791155
3.1156052866264843
3.1322040217551845
3.212901643713729
3.9517422277302163
3.6811560258287406
3.1269606280577626
3.1903136487780346
3.152384301668376
3.1197483572731177
3.116826467113697
3.1254618067150552
3.131958849567508
3.186078112412255
3.0947498152189117
3.1091531309261105
3.0788042299962575
3.126493744735423
3.1333351370018665
3.157917423745381
3.0948008934104796
3.116544205486434
3.1062638128940927
3.0922569320578437
3.086095219063922
3.111319486275046
3.2526691492620157
4.397145508494239
3.1172227205648255
4.287460769126671
4.751385533536663
3.0605614986944634
3.1491492603387115
3.0770294895946435
3.1161383289781295
3.181700703319533
3.124104594516689
3.1187317565948214
3.0854105602873023
3.074172834149875
3.2241405078649605
3.212461877139647
3.14198990449502
3.169130647623899
3.1025000042736632
3.049030812844789
3.0808855219894147
3.0771216573586098
3.078779439602571
3.0933905350178104
3.1301250452915803
3.1634211654996416
3.1027492461616157
3.0467183802908506
3.3546476002347925
3.2778143622198415
3.3086557391816886
3.6915166673898963
3.1444151297014793
3.0572354248722844
3.4764999319337475
3.0876153573652285
3.1390988826080086
3.1773609172086097
3.231951367767718
4.183116592033159
4.094053781476757
3.974888139294962
3.14057931324344
3.101694027169933
3.176987408043735
3.1375885700438526
3.1463114104970935
3.111670122629298
3.122073363665094
3.1155255747209
3.1156497462764023
3.0901478167303584
3.0951478807735158
3.1223862503314415
3.1069863899086707
3.1161515712516668
3.213875341500178
3.0951511043963342
3.1962549698133227
3.109351861302709
3.1331467036746643
3.098096546216566
3.0773325119542783
3.1712191476116143
3.1416811460533696
3.100792010504459
3.229628651668474
3.100091747539855
3.101499503446477
3.107196585764437
3.1443410494576716
3.079141735010964
3.077065906770907
3.121646472881433
3.09130099923811
3.1664490630628137
3.1655492074477083
3.1207068974244696
3.1452508240654042
3.0982164717429246
3.0821841872156845
3.079716596639666
3.0613052062788224
3.058799956481437
3.0682714399568494
3.0500822037736595
3.03903768673694
3.036001189565656
3.0335432079572286
3.084140438636325
3.076455027426855
3.233542142015903
3.1352062449971445
3.179804242984022
3.086803722442094
3.284349765042026
3.4643939076412473
3.2743479166414406
3.103991717319099
3.1216136326278483
3.1718901842981895
3.1109019579643147
3.093201027190489
3.1795805438502964
3.094743624418828
3.104068572605339
3.1250398872432603
3.1475984393334246
3.3664179558960594
3.107652862946784
3.2510651120469722
3.135414010242445
3.4269945910304243
3.2735462447030814
3.2596931985380677
3.244944195904195
3.175835136568547
3.0693840448479888
3.3705268604301644
4.202201858741131
3.5120196087918765
4.331110496929686
4.158209962777519
3.815324570114078
3.215154077718317
3.239758815834844
4.414015011502383
3.357322339032636
5.0839003963260145
3.485301140299631
3.562451919549366
3.288039462520142
5.336544128765528
3.514348622825568
3.209382377748333
4.393201167448495
3.2364071075934513
3.3697925214003144
3.093440432773238
3.138240501327422
3.1465060816085626
3.40250631737952
3.1076845861432463
3.0909336799414366
3.2223998644408707
3.100632323564943
3.129624378635965
3.0812572645282215
3.129691220115676
3.087514322523389
3.0921022787136527
3.0810389165560546
3.095039846835272
3.0962880157685992
3.125110042714166
3.288104507115989
3.103323990558115
3.1385114567649626
3.193922239760848
3.185524191637235
3.14347300596584
3.164777802678448
3.042805921128588
3.179316361587106
3.1528395652407375
3.1129091175528676
3.1382881092152592
3.087430007217705
3.091559735786462
3.1274535726350514
3.2425348887613747
3.1270433750844817
3.0244562260967562
3.4247329125502395
3.7943227609100116
4.041160303292994
4.774859303533178
3.143276951034867
3.2973184468146415
3.48640982689592
3.1538089817618107
3.1040171393221883
3.147415090181131
3.237651073943738
3.3619625548795886
3.2898252783757784
3.2144391878924026
3.2391664047678104
3.236478825544636
3.500256670794913
3.0625117382684333
3.0450549917642955
3.104004614191196
3.0504767248847715
3.089859518885914
3.0734515187685494
3.1145197928028834
3.0875229325196054
3.149210277992776
3.170106576037167
3.129190691798854
3.0873098954783806
3.2134057431894143
3.0951575505585054
3.086997517570816
3.0903872926797065
3.120825257137907
3.0876481559640996
3.105703910047528
3.5556039601806178
3.616212965194973
3.7713945579944648
3.337702891275717
3.177955376073431
3.99247527676833
3.231965075169346
3.175623572328614
3.336719053752189
3.3443896433308766
3.226364781214415
4.124540223626035
3.148915379123706
3.1390120976940903
3.138340529745424
3.068756909874498
3.06005682989073
3.077257549800146
3.0981525299657524
3.56643036129013
3.199390993567421
3.6988842022869974
3.1017326382827086
3.0962530437750133
3.1254302265484286
3.2641343063704156
3.1064213071331324
3.3351324557469475
3.232121818404355
3.2197345952714707
3.9002881193534082
3.1457215927632527
3.130542116313133
3.0776965445223214
3.068848525830772
3.074018185598161
3.0665541450322946
3.0622409263511687
3.0850228363137164
3.075950136664562
3.199546013465117
3.1335701151370117
3.121279542536811
3.0594657916334658
3.1004569585059363
3.0986076967347564
3.130299757631918
3.172066318106527
3.0959361262305287
3.0897072408770647
3.092849856937323
3.0953408368654456
3.2429386662256845
3.458367953360884
3.0432643423203176
3.1973544674208947
3.125287239475835
3.0880596774610756
3.1069249433491537
3.103639952312018
3.098396336426239
3.101176882943636
3.101008946778035
3.158482519018261
3.1495169849101186
3.1225223476439936
3.0924119442329143
3.2285508758443626
3.087332027980998
3.1559611501686358
3.1715279333964648
3.0848238628417257
3.2171757277850737
3.8185526256937883
3.0905383105051207
3.4061174171367767
3.1022180045717676
3.1001793364931123
3.0918887303876863
3.1012313908632887
3.10298886490373
3.112811979557957
3.099305136855852
3.096168623785628
3.08126309095653
3.1754130005409777
3.08237620189169
3.1117141516942466
3.2505622764584157
3.1581051895766543
3.1172957656291453
3.6565927761510255
3.1864271819094823
3.11315893776744
3.088913400290248
3.081458336709956
3.3802838772638086
3.0835445643612447
3.1017115211073554
3.0946716839683712
3.1417097249331754
3.1253950098979653
3.0915367390674016
3.104524227409402
3.115765839438077
3.100874653063719
3.338790401383452
3.181669943079463
3.2220533253374395
3.1132445086859284
3.181165096440073
3.0967033861293674
3.119859028114338
3.206145353414546
3.0739976195657714
4.143655353206908
3.3808808652055853
3.075586649907322
3.349285253204213
3.193603018445221
3.560539106648299
4.805853443562866
3.079977946644128
3.748831059611858
3.572222792097226
3.1059082569789025
3.0888735756613794
3.1517099819203542
3.1781974242328883
3.096961236182997
3.0904476758663493
3.124753708949894
3.296304068844673
3.1586904794483512
3.1824970843476805
3.257789585525113
3.0915747738370953
4.351187323741891
3.0536585429392042
3.2133227847388954
3.072382928413912
3.16659102983545
3.1158831473237214
3.1580199902402524
3.1499205065021485
3.097396341045484
3.6475532662720798
3.1096822380719598
3.078735887147919
3.118958832324628
3.0901104842683154
3.0851613876531085
3.0892623266474653
3.081726721741693
3.156812477847691
3.8144975740394256
3.841581497383266
3.19728603906597
3.1303795969531447
3.109855569233516
3.1063445488851764
3.095948844943676
3.085702984000881
3.0959338432591417
3.105121313313827
3.14383546279909
3.3088906775953717
3.0516423449601207
3.243803913653855
3.0993690327624925
3.088130202482292
3.176549483665701
3.108648857770281
3.100610649037323
3.806861163289787
4.628405018881843
3.73564626116123
5.44405115997731
3.18618557253916
3.074413888606624
3.0948928548389656
3.0903520796173534
3.0910251649557345
3.1202068172670048
3.0694071043804705
3.1626385376216213
3.0692176412194563
3.085232040809405
3.1788072364603295
3.0691040530271643
3.0572300459178843
3.080008164132596
3.1017026679402835
3.102738075453704
3.0992922026391376
3.1479001180869925
3.0892783905739516
3.146171284039479
3.0711965379743127
3.1468495043551177
3.1083768586257956
3.1161684319049416
3.099403085267576
3.077915350828551
3.1591047459396715
3.116139104678963
3.127262019136253
3.0898845877973766
3.1523033174215795
3.2994999242154117
3.0990168318705207
3.1733419355069055
3.1444197366698763
3.105497240723287
3.158842995962066
3.0856902282848284
3.1294223329239386
3.1072841833292224
3.1351625823942344
3.0976586375535753
3.5449484732811998
3.296848713246487
3.084303534409323
3.128728715227459
3.1909424927348753
3.1047319118530705
3.125492553163347
3.131494749884764
3.4370476828375094
3.607706856483226
3.2156699434376965
3.191211469898132
3.128630502772471
3.451815456086409
3.1776940343737294
3.2012304686438338
3.096016972454648
3.163365343825074
3.1162492914007265
3.177885970983109
3.379661487081541
3.171038513704496
3.3006879468471872
3.601141042398291
3.412940112907018
4.265115764368831
3.5403598082426084
3.840975787941483
3.1726053367491835
3.0681115727629735
3.0680050941707826
3.0936990844762593
3.658866150013757
3.087328021544616
3.120891606687924
3.1814241992595687
3.165360884423972
3.09965740360913
3.0865738714314044
3.094607654037324
3.0889404593288483
3.167690568424806
3.067292286709601
3.1692903414019735
3.0804387904380572
3.061007616231937
3.3171128729142354
3.246508427378747
3.509731798554143
3.295477003006855
3.295477003006855
3.1461884335452885
3.728574245073514
3.105805666817347
3.301449730016255
3.4769671659044237
3.1516331710875263
3.1046954000075857
3.10802427421529
3.09982948226986
3.1113844081678
3.135095826681989
3.0860610118833103
3.161730585391638
3.0812570010920917
3.123238032454099
3.100164816500345
3.1079966024753576
3.069842136434003
3.095275996302566
3.0782399296493557
3.1113472803661155
3.1113472803661155
3.1004509185126863
3.1650937485932564
3.1451493308444167
3.144697825846134
3.239954266409124
3.135980106889613
3.0770967523963373
3.0677625128803823
3.066593786838079
3.0839153174454164
3.1056626166770354
3.161389100679351
3.095179763243739
3.07556213905693
3.1266457376138312
3.132339666706915
3.1244469203753824
3.1322728017437305
3.118742766631293
3.1192781628107036
3.1062014468471206
3.052540118996722
3.1287443576380674
3.1705684745515366
3.146543501170112
3.0940398871091
3.120641603142425
3.0918338612632574
3.132177086468619
3.1564180521830965
3.1768812723377864
3.122275014148205
3.136538721758482
3.121129250211121
3.083449289729062
3.0938309482813704
3.3677270608185594
3.21989424863424
3.080546603936787
3.11228309178182
3.546967954219034
3.0829609257889175
3.091245589236102
3.0743634253215113
3.0868185864297066
3.1206780065081334
3.0873401240083527
3.070126404802508
3.0670950932244723
3.133041980951221
3.0810211081254515
3.1182068631166846
3.300444275542846
3.1530867712886996
3.0914199466432186
3.0812697653512497
3.1023687623279868
3.104785174097609
3.1203406039893102
3.0899872698737085
3.0766129184560764
3.08099663112197
3.1533297157149356
3.087242973495517
3.129715483096225
3.090574128661273
3.139234023705791
3.1061411965562757
3.093307056104076
3.0673177235112163
3.099773088012804
3.0921740928868653
3.0921740928868653
4.488533092059752
3.6264509265764007
3.0938560572780878
3.10152035694685
3.1045850063631626
3.0585201001928404
3.2142641156266203
3.06093498488355
3.321435748489459
3.321435748489459
3.0427888793289073
3.3339313103882358
3.347535638845694
3.6293006637682974
3.3306176820827327
3.130262608872221
4.401426065060625
4.137340205570585
4.198521228704453
3.0764257286227474
3.067351780666491
3.63870098314183
3.167714348703739
3.0727900351588504
3.3765626512852136
3.0323514745622773
4.248718948532682
3.2224305806983367
3.0730015976832927
3.115273237674236
3.1516888175700997
3.1104246327736367
3.148893193368055
3.1605840221179853
3.1407649027979203
3.0815178197582243
3.100670570438318
3.194810145509793
3.1075986791320185
3.2743722079488284
3.3927999691136868
3.4753677402689407
4.480548787954034
3.3514920908463135
3.232841848245429
3.2972322900848283
3.935299751484022
3.7592768489679838
3.3502775986875033
3.1645878065867645
3.1470378230807348
3.1644935866156594
3.1406951816027417
3.070059751489911
3.074109282505786
3.061110978957099
3.0676939604332683
3.0582296942801177
3.0573573097153925
3.0573626038490866
3.061461925467514
3.0569165595361953
3.059506164490949
3.0561291521107967
3.0576664324343787
3.1102669298619956
3.1005161346801002
3.1098796086991416
3.117103742359067
3.0827046839376475
3.1282883184501253
3.0801034198908646
3.8748093926022564
3.7135825399357305
3.1342033244870158
3.0784322666263693
3.064819696118016
3.1086416986939214
3.155193153954259
3.1431725536438364
3.13065688432158
3.091729064988219
3.125320836718471
3.1694169793010025
3.7514766268492377
3.222073500113986
3.0721114347441683
3.596383383029679
3.831678397263496
3.176960463273411
3.4628062589467965
3.1997433245044933
3.698338239293278
5.6273065636949315
4.765339111659315
3.235749108733018
3.258031728654748
3.0914248312860364
3.096304846349128
3.1420761753779094
3.1073240877235238
3.0997782743626883
3.0810465243759912
3.0992220146757754
3.1154686568208367
3.0735863059943913
3.1012243342584513
3.1397777264341538
3.0854114316191437
3.234459766459535
3.305790519962048
3.305790519962048
3.2640796800103704
3.093495586455299
3.115940378308929
3.084247621437633
3.176257434974627
3.1301116183858513
3.0826381877336084
3.09732785201001
3.310466650588704
3.246874457136052
3.376164643825773
3.474110512915324
3.820835116460839
3.1653651010247543
3.551466414450588
3.1094194694534982
3.2180248026476144
3.161873877646569
3.123660754464769
3.106633945619084
3.1672295197004483
3.3159434142415805
3.3159434142415805
3.233120687720753
3.134856886612293
3.131394469598738
3.114202249240417
3.137295308537725
3.1677104814594674
3.1878189398143806
3.1425293005539894
3.2858456031561065
3.295041241443868
3.302502245895755
3.0921323812811985
3.1325988266910842
3.1348456451484075
3.084538253573485
3.066887047415368
3.1393799484868383
3.1150107093550856
3.2851198838259563
3.2480016518770447
3.0926301279539214
3.1381198556452468
3.134226475156325
3.083315107375568
3.086655245213998
3.1092259748642213
3.0857215740240473
3.107474812558925
3.0809502402676947
3.067768190998284
3.220157682497426
3.1586149976443565
3.098865346424311
3.1425781831616435
3.1588684976138133
3.0745598066683897
3.1583426021824454
3.073443871453275
3.072964971288518
3.082789965752169
3.079529893624226
3.0772018895175535
3.191336953026597
3.0943471226415706
3.0962370380060444
3.1540276573729176
3.1278908720980247
3.0805567309830284
3.1211610495349404
3.0620805353923264
3.0615776059897546
3.0605575922127715
3.0616830061235483
3.0620553391666547
3.23660963300379
3.1521114290338894
3.310925488844965
3.8107701110015797
3.585494674366476
3.1931956002565
4.092165309642227
3.2367261303841586
3.0542336064172755
3.120986084711875
3.122718989702827
3.373107334324672
3.289775970211942
3.2789890120773895
3.0804729570617937
3.25671668733558
3.0308048129861214
3.710596923043209
3.63561088846255
3.150266251118885
3.1552389051485266
3.0503107203111286
3.086605652619219
3.4580733670428145
4.482057631206525
3.573259527448291
3.4206630400325437
3.2006955564324624
3.1179617999150775
3.0541177081310966
3.084033620887681
3.116083500064196
3.0861295886212994
3.0874104157663744
3.3493498320593487
3.078361378637002
3.08818163768387
3.1598680176172227
3.141181497807862
3.0706016821498574
3.1043470298858873
3.085131391402617
3.1293266028426356
3.1196447710178776
3.1161942340920374
3.114055142581907
3.133071036885601
3.1772687674375
3.5662548227317323
3.4202584507017364
3.56562246406952
3.4065113913401825
3.2790077086474647
3.4124163231987192
3.084014683987889
3.112535746098745
3.381136813778192
3.1687621162176716
3.064981904035795
3.15288010974711
3.135661865664142
3.078596992268289
3.0706603530694507
3.0667000078128
3.0735185740071085
3.4430598072449774
3.0989366702873173
3.0816063412713013
3.108228473337884
3.0677889637585936
3.0694599522856407
3.0746913163468967
3.10682007689673
3.093141544679852
3.094022003225355
3.1495698085640997
3.093803346399651
3.082696742228944
3.1302859464908206
3.1174251369835417
3.0959029666693456
3.1128506529694575
3.1131193910418573
3.084504970831241
3.133446627243628
3.0881603106957325
3.1627224569364922
3.11006388399695
3.093236822489785
3.1137053135294597
3.135863158397198
3.1189456194480205
3.1130411074235993
3.0886381444105835
3.1445224372681695
3.0522923243632736
3.0915514864698492
3.0850201797761856
3.1055528394756813
3.0807002055249875
3.143929374770902
3.080431473676292
3.0979861564448887
3.4870318606136617
3.2985741119413428
3.384752677286018
3.337379878168575
4.210508875154842
3.4607586671067683
3.4293642179616324
3.102218667330374
3.0753862644381336
3.1106295083698887
3.0720626234501824
3.0363585389347465
3.0916044263806652
3.247088151266953
3.344320219450229
3.326252780152971
3.3444927579296633
3.158670796492289
3.071054291263404
3.112358844063836
3.4039391885818655
3.454460191146916
3.0653851673384276
4.166550661798113
5.915795032323079
5.463075782830886
5.463075782830886
3.2694879662453573
4.006910202619552
5.010636395828741
3.800864349875223
4.020863818863033
3.100353302763931
3.191101412721681
3.191101412721681
3.2591392912798076
3.753590460799636
3.3089336820244646
3.3089336820244646
3.1763317991831883
3.2633941808184725
3.1859743528810682
3.151411190969247
3.2773484717865413
3.1793865213874195
3.103521195425097
3.5046973076487005
3.4004527705469907
3.4004527705469907
3.767657596772414
3.083507253127201
3.1423520476120474
3.64510255727978
4.904239603510057
3.962476536719885
4.688820864825857
3.579746365903575
3.1850348496972414
3.4733993018437284
3.760120452391139
3.5813208070795
3.5463160817253274
3.9292655994815053
4.17021638274674
3.1003351347156847
3.1159372953029894
3.121761140236395
3.1163732438641008
3.09540150548313
3.115310569672751
3.203262713386618
3.1219076228314067
3.09411371352149
3.1420366503666277
3.0965061754454837
3.0927194325325407
3.089385891550235
3.1176129230533545
3.1039988880946403
3.1239847924084976
3.1328970063039083
3.1111313953435955
3.108496155104123
3.2035011412989745
3.056667937238045
3.059892610149647
3.0475283709702494
3.0600662579405187
3.0541718798262325
3.054429410244162
3.0508312089259473
3.0525589094929204
3.0524045341399426
3.0557563430971006
3.055699135422636
3.056181407332003
3.0669987069504483
3.056829002461227
3.0794060604553852
3.2704245754294226
3.237324981174538
3.5172668066431956
3.1233047271826946
3.2534941870489247
3.6531326980561984
3.184038958002922
3.1089359378165167
3.4364744271950878
3.13596912655391
3.1622323029893313
3.160032340773335
3.1553654170627796
3.0984791253186748
3.463196017259441
3.431672684412987
3.252796075847314
4.495754229257151
4.507952781306756
3.104633002987013
3.137693915155867
3.087942874628853
3.0751668182746137
3.113990182284991
3.121223319725686
3.1036275096184127
3.0953019141657196
3.1066872835462096
3.1217123755796328
3.0963794780631524
3.108422190927072
3.1820060348322685
3.0936420879441853
3.171806086240859
3.1409779621672023
3.125605755930349
3.107243011093578
3.095095581689615
3.14357452549683
3.293392659393297
3.309771505688251
3.1002201668798137
3.1010480069952955
3.1036988927160056
3.09466121530223
3.1304396903291467
3.1272812482837535
3.1438736439314217
3.1327296384163157
3.098215953725744
3.100188023480726
3.159657965402502
3.080270601788812
3.185179975178139
3.4648626026513663
4.03992761096927
3.118335146437362
3.1336952466255488
3.1339252078324837
3.06833711820026
3.0655966127244376
3.061654732275569
3.0841993667998335
3.087958342574774
3.0991372594499733
3.096465729815004
3.1854933903687415
3.114967112927005
3.2291536938308534
3.2291536938308534
5.115934322885736
3.367078208108647
3.40125906494498
3.0735365763682605
3.0947976520343725
3.7790315343244973
3.1174229137712413
3.3023248437200947
3.095104971380875
3.07032388979326
3.0798371571648016
3.1688445395309843
3.1832531018420838
3.1419711739000924
3.102865517919426
3.1182989942042267
3.1356225785129466
3.0876032749798377
3.076290240474497
3.1227402463683513
3.134652681056564
3.1235369805498494
3.1099075375823055
3.118881958275218
3.1115045523244484
3.091934108643501
3.0869829561577724
3.0916025851084035
3.135267541376347
3.1949694577421868
3.098421775294459
3.2498764182496616
3.1611504820467426
5.155421952218793
3.0898353529703058
3.0692206580346553
3.061748475931081
3.065516470698274
3.09409718031396
3.189475371842118
3.120949017985135
3.09346253753137
3.1262225396783143
3.0804708626177186
3.1258287975915158
3.1609305612237755
3.3569161136644454
3.076795294973825
3.3968781249807884
3.064102831665532
3.0946953596228166
3.1327891997841184
3.0678633966321187
3.4245692500205154
3.4245692500205154
3.052563029573152
3.079966940320938
3.0821680841020918
3.225933098636358
3.2493273659678885
3.5257643079106247
3.7442577503521224
3.290293608692708
3.222975102768185
3.0748817344718233
3.79283824470793
3.300447596196476
3.0509925874933757
3.0783419187355285
3.106031363745355
3.050541841072266
3.059066634038289
3.140982986230725
3.0965426960778957
3.0965426960778957
3.1501591464312724
3.184048511087671
3.145993707240767
3.0980975285046384
3.161002020775298
3.0981039803907606
3.0981039803907606
3.0589413792086573
3.0768575237808102
3.4758191436350145
3.029840708809634
3.029840708809634
3.088572026170618
3.3727346136042025
3.234510174968845
3.087427493797469
3.1475757494844334
3.0879104287796584
3.1035923194156942
3.0929578295942606
3.102669766123868
3.1312892147741915
3.150762914101047
3.1528853205695926
3.1915026264746444
3.1363122462629653
3.1655728550330515
3.123887016500151
3.103668200915072
3.1260404235930683
3.1229992894038143
3.1497487941444406
3.1015648460242478
3.1264576719434753
3.1739415977282226
3.094112795989677
3.183882459454409
3.101124716974493
3.125520525275154
3.117259543166099
3.13475907921449
3.0937853245924836
3.1440365184130674
3.0927226824407024
3.214594482587266
3.1046366000676233
3.1549517551634665
3.093522384751368
3.125122498566495
3.138064946854322
3.1857183781149794
3.2476310384317433
3.1942552026852837
3.1386926915287283
3.4552198509017478
3.8731011680899106
3.3916164942956852
3.12511105781062
3.12511105781062
3.0957179924955986
3.6059283684532066
3.0723162558659176
3.0954278975933067
3.2407965252368562
3.1209940476188813
3.1019093769814745
3.1181508754552745
3.0934254380559456
3.1394598555085036
3.1680728646390754
3.3412048455942323
3.2987625396203613
3.077423897125119
3.1433448746860333
3.1587376742669364
3.128922690574933
3.169240579459463
3.0894127501884294
3.63789531545821
4.280044739205447
3.0877735061229115
3.1669473049013708
3.074586604387087
3.0971394771620457
3.1144556208936054
3.103130987221938
3.1105904274239644
3.102934316216218
3.1614927936152615
3.0881668844636545
3.1241474198982933
3.1031953279117888
3.129195430829651
3.1572636908552933
3.4726060856738803
3.086608207203837
3.1461029836215775
3.1601322172169293
3.0730549329213526
3.1177763115080173
3.1013116375741356
3.171934372878919
3.1475549663448095
3.1585880305980902
3.2094803593401844
3.1008953405434134
3.108211832001394
3.113935740381569
3.111849275462545
3.532948701030084
3.662930047806338
4.022264503192229
3.798415977108627
3.249571226996712
3.203794592091753
3.632407896945977
3.6024453517923023
3.3226583191119268
3.2131131456554525
3.186997815252096
3.2967690498548192
3.2334506762785855
3.2559085105039456
3.1174063443771587
3.1359933666624165
3.1077604456668126
3.1375292405935133
3.106130957010105
3.11306259510217
3.146690932961161
3.1506159232378357
3.0854518123301244
3.0839354917067126
3.0612858576383033
3.112213475888728
3.0942367116479153
3.0923855699120177
3.1381787883799666
3.112437561661469
3.1460502428874024
3.1177129218156625
3.1284509208489713
3.113962157185486
3.094625046616237
3.138475813021583
3.102539005371671
3.1355025218801864
3.121666964593773
3.1310353431537123
3.1326147348332976
3.18230406648471
3.1036850154117563
3.1324754965288877
3.101415361754638
3.087512299438716
3.093147985413592
3.1763088941523883
3.1574309475537703
3.08655651715359
3.1144494817668313
3.095140031438283
3.0955738841368015
3.2110314872747137
3.1694090612292003
3.0995266482910813
3.0865914676981814
3.135229821869834
3.148730391923885
3.1257758039193266
3.120481393168528
3.231558042516829
3.176843231328263
3.1033565599692636
3.35908307588347
3.0834774991865377
3.0652944026775315
3.21778504602958
3.21778504602958
3.1027970099581417
3.0661095270732757
3.142374802124823
3.142374802124823
3.151771614304505
3.1509023858629304
3.0864777336271976
3.1507837407193007
3.1918257846062335
3.0792299454319307
3.1691789690207166
3.0841420494289493
3.094141099460622
3.1255684711830787
3.1051769521638426
3.1188357162196056
3.106618835040499
3.1102269037103802
3.1318943133551205
3.175542167690491
3.049931875693754
3.1294525623709037
3.106771259954655
3.1111960124178903
3.116043247406663
3.12646488031437
3.077972371134681
3.1093850912451444
3.1293163988739163
3.127120353303837
3.0896920837539055
3.0802483203025903
3.066399816875619
3.1375574436235594
3.09464485268381
3.0995773586740754
3.1194541900137462
3.1397054600535146
3.214855040879076
3.214855040879076
3.2351143564248925
3.084588889853925
3.1066316482064487
3.1073089635481494
3.0664221609293696
3.0505936866095045
3.058129300019738
3.0776004148993206
3.0735639218182893
3.0961495311028293
3.0874238877911795
3.0865489362062246
3.109470041483618
3.114313517331823
3.111662138683042
3.110687650216871
3.0862299205087234
3.2254466561157655
3.1066406179182144
3.0836537056666775
3.06820523452893
3.1517354441117176
3.107624195216379
3.102584405607316
4.293811702043563
3.1606783498263162
3.5221163074164985
3.2835566349904077
3.2820518178022113
3.396953800737866
3.505755821399352
3.2999245206603907
3.282555525046618
3.282555525046618
3.5061100436620802
3.734986358491998
3.320362927101068
3.202892275039384
3.1515746994507925
4.3542349824172275
3.726470822742815
3.032590058483286
3.1498418493588467
3.0282596128312176
3.699338200569425
3.064557520654614
3.215763845564929
3.0481656403320443
3.0481656403320443
3.528981242306344
3.181260117828051
3.087166052802608
3.087166052802608
3.5689086567139734
3.5535401365048975
3.158162302585327
3.224431521934142
3.139198193662934
3.1223546534738267
3.1223546534738267
3.2648645167086188
3.2208232180388507
3.371310899813369
3.1263296911585767
3.213146651918528
3.1962895426586244
3.7616322421849633
3.838289275408422
3.4677986797223843
3.1280218823478063
3.210429149780717
3.21818402475568
3.492556802661893
3.16649458343295
3.579424506477779
3.2114103287821196
3.607977018991047
3.058977134161167
3.058977134161167
3.186156515319632
3.3070666977819263
3.7775315066024597
3.210639381664683
3.154767042924479
3.1785148726316583
3.631770086865892
3.210180747342477
3.24036123036192
3.500549239447891
3.1592209535018343
3.054506525915672
3.0253895671706674
3.039692258760836
3.273993023243251
3.135469407912854
3.097392817012136
3.1409973243209537
3.0989687776270154
3.1396898449356256
3.1089355095855273
3.0545254941184825
3.1552149639638474
3.1159536776855075
3.1341697888084354
3.0827440036627802
3.090683540686802
3.0829912390477907
3.1285054151942324
3.1365468882252623
3.0734022296671943
3.0742948697722103
3.184312020104228
3.1256350365702246
3.111598830390885
3.0935342344024233
3.1459260448386637
3.4335624618287754
3.165444675882242
3.1381702972906798
3.181783369151692
3.1841114097996863
3.1268427903185048
3.091686968176179
3.0802669647250154
3.0806880501631078
3.085711137570569
3.2154066501706007
3.0793490324565393
3.1395745248193405
3.1395745248193405
3.1395745248193405
3.336003918936484
3.183070502491148
3.1577180817714154
