4.355073621678219
3.556952952513849
4.26579148103229
4.670694959982338
4.558334868798635
3.6863035871911993
4.400969705966041
3.4841557329574755
3.4016712155819935
3.3613403467547416
3.3628783078102806
4.566124904102469
4.6137218503523805
3.4161198697965283
3.377200207982019
5.5961286844592335
4.735529429582089
3.4333878692676185
3.3634781087809733
4.7365739985088675
3.5245750087987266
4.497393805618515
3.8884658512029313
3.7145548151538996
4.022742182607825
4.155245369036765
4.564458967442949
4.245042782492632
3.453480706044187
3.324747484829387
3.3999033621530783
3.3483483089447463
3.3347401471653324
5.356958931611625
3.411583100520005
4.677740507195162
5.307205149599608
3.5609915562151673
4.036480840142534
4.284755374679816
3.891622097114442
3.784001168034056
3.701085773614549
4.7102931700274615
3.374912426004412
3.4605255610232755
3.8020071723610016
5.393331921421453
3.3807650348783223
3.3259094958757296
3.3676436188532213
5.240914781043278
4.512333596635164
3.5096436378321743
3.612787931478856
3.398074642721199
3.6719967080995937
4.022225551977499
4.169467417739172
3.636249237080517
3.5219310800096983
3.3477041623473123
4.550497861861492
3.3818166984735885
5.290776123553106
3.424800411868873
3.4807836781878563
4.530308518922144
3.4787291168092445
4.476142765699042
4.193409165097817
4.45480157642478
4.842531744228184
3.449569571944629
3.7435828845052352
4.6396825161431465
4.56431907107643
3.46237084549575
3.8162003231324677
3.677695956642366
3.7266809424566727
3.633067471953361
5.955498977709857
5.782914128403208
3.3704731567939072
4.699708627157369
4.395060202636059
3.958058987412206
4.827525601467588
3.6289229895813495
3.364447937678544
3.7138617748415426
5.518579129208906
3.416350019500178
4.481283410756916
3.4591667349857356
3.74020835747418
5.429582248410072
4.811742559502076
4.0130575971670055
4.892073470781847
4.271964908935565
3.5488672098245875
3.686076128977381
3.87028492287254
3.5315265947350145
4.209306626300244
3.532178554687264
3.8144195472856657
3.316100799904544
3.357741440101713
3.594567746013617
3.507606424547201
4.488405557234729
3.523267086704043
4.157460950331375
4.60224203965354
3.6996306736119022
4.6396802670074475
3.892749695476134
4.527576070835505
3.423636870699924
5.430592705320683
3.469931921808451
4.4163322000970755
3.438950243425664
5.69233093319753
5.0998697809092075
3.576841713885151
4.0940162014471495
3.7724548270939997
5.407542030502267
4.298123515412556
3.7657387001268363
4.873088555111556
3.6211627146976473
3.325799626411529
3.4050805965807056
3.9901708833533647
3.9726527090671913
3.8599651059615008
3.5794098636637113
3.8087526973354953
3.9316991981461036
3.457414713738534
3.9672512893959646
5.44144224487091
4.962151533209637
3.724992758805909
3.7855233110404973
4.627116900954322
3.581055274117885
3.684431753736334
3.81513956858077
3.4905100418871666
3.5686103303419205
3.4579286377200837
3.555853883152009
5.443765349217978
3.570273925786674
3.885456469564215
3.5530750947866805
5.4507331196564675
3.6098541209786905
4.217309474732977
3.6795639247671064
3.608292256050807
4.6124038235467415
3.3483844498706197
3.818084817079056
3.8815056621987187
4.887196796818025
3.601373352746994
3.560762441182342
4.74734209062221
5.064550723130938
4.2976908253824
3.7257048688099026
3.5452779373793746
3.5195327364908677
3.3969943263075644
4.408551100631316
4.870407548295348
4.190946239549119
4.256544097178739
3.668617693529486
3.7714309507463053
3.5671360298333616
3.8115951610638144
3.461622014786803
5.2530820600494526
4.439260741283614
3.327643412316429
3.3373894439096845
5.372867910592938
3.3281906781451234
4.046428721506528
3.737764217334407
3.7816550274142102
4.072988140550961
5.1121048498188415
3.3665581877886765
5.731335771343468
3.5256587730975393
3.7192510518202626
4.275935530019399
4.073328565394227
3.8201567132255296
3.7497699209532964
5.890196030435268
3.48178353660665
3.5217009256514364
4.415317671026769
4.904725661993323
4.843335146559506
3.6199363421598303
4.306872579816103
4.0177780824398255
3.322909390199688
4.33201676908006
4.977975144563929
4.400601028753849
3.6983057625979168
3.97518644732408
4.01456685663103
3.9603034976904596
4.2251030139090595
4.990647110896187
3.4099140751483117
3.4314517940195666
3.903908526195134
3.4877374109650994
3.9790891554109407
4.4753488750473105
3.4459576536531684
3.990266471968275
4.672370909038333
3.396619525882156
3.9504467962730736
3.4092227385390523
3.615405251040563
3.674597316919466
3.900177697675595
3.9776437457872458
3.7177009183297782
3.7080911570232553
4.411848841228586
3.5264459978278415
4.7623282230808375
4.067115338043772
3.6220376907956133
4.983170337992744
3.8225441652173204
4.699034670159058
3.8625889641038595
3.5564707795847865
3.372314845759151
3.427693412047547
5.174716641429032
3.833278853816836
3.9972780022876604
3.8063588556975967
3.592847880364449
3.432771712138394
4.534455239970531
4.482059115347601
4.126396049569871
4.056859443395888
3.4881017073955727
5.121489593503027
3.421667341625134
4.352652619391358
3.585508673088529
3.4865608299512534
3.9778124685277367
5.550565303739262
4.971406740993251
4.09157784037527
5.069767347737427
3.4790785728646765
3.8275089300750813
3.717021489790229
3.4675513023290296
5.8986753787275
3.5409084462987233
5.176578112760378
3.3794941450420546
5.3033644301085205
3.31899363497677
5.072702942516373
3.5004507719293554
5.648968892915337
3.376689582088174
4.520279089720505
3.890595064709461
4.258483764736861
3.8091350693524717
4.572715269668511
3.661706629760248
3.59304831435993
4.836616978421222
3.5376149525004417
4.825949449944891
5.523561530753766
3.6884230456724003
5.891883502719038
4.199566177311712
3.3943885759591907
3.3265321800210357
3.3988722727794998
4.337137253562974
3.8770643950326495
3.4917428267485304
5.204391463857195
4.194304677368821
4.54255170307243
3.6175668084314987
3.8206911646179895
3.7473509662371245
3.678750159895877
3.5525684219047085
4.100158947997504
3.3464525406333734
3.4680633931534857
3.3397199378090234
3.913144777464775
3.545195636865687
4.11930738904992
4.7375576469821326
5.069758178530144
5.0398266493819746
3.3080872951280167
3.3895117570659448
3.666895012936949
3.4464389837886142
3.5865276089714717
4.893569021024952
3.9868294254488887
5.10950732174391
4.230834731557242
3.414036590862218
3.906135072466285
3.463302885351402
4.697313847957782
4.062566387109699
4.096625686084775
3.4525048036953327
3.408257359659414
4.681438390534617
3.35892654162636
3.3472509572424545
3.341821974286939
3.3331916527366174
3.631069791808808
4.780187729286208
3.882617938758704
3.6412881080369415
5.010815697272615
4.108607266993779
3.5899685629594336
3.815235208305107
3.7265219104126706
3.700004128036074
4.309876156901727
4.799712370778211
3.9351477434673705
3.739916800733189
3.3239730490080435
4.763968653631943
5.0656942049232025
4.419421381213409
3.4012978884786484
4.024956339694804
3.6477157046740203
4.225962758307128
5.285436684162956
4.961832848365002
5.3574692959922094
3.554822081809123
3.54354878208295
5.5694545579232955
4.825648897378011
3.8444098852364545
3.531648682688619
3.688370689278689
3.469367199258424
3.5468984838508177
4.569433767901736
3.8011731275660736
3.3409255725707396
3.496500203213581
3.923172853325786
3.691222881922387
4.041552534040359
3.845780981902313
5.147033371094279
5.084495247049141
3.3882025742615784
3.4599278696470326
3.484546808953273
3.7327382356397476
4.719639082711307
4.251081870576777
3.5631471644024613
3.7963758025729373
3.7729255816363554
4.853288231624077
4.33984370025945
4.84398724204829
4.630456623059456
4.805088406150025
3.3876422870224796
3.3802211861022258
3.42360653302594
3.919043305173035
3.4835388313813875
4.219136755617535
3.684330176379337
4.039665040800485
3.8542783678097448
5.002966313327807
3.4937501161530133
3.7533997206010756
3.591820779380966
3.476109342627189
4.97362794160015
4.164479900187746
3.5110492157110635
3.62861346223667
3.938034420190059
3.744584853140223
4.784621446609048
3.799018063771695
4.055908495690944
4.170655113623747
3.5481356432932443
3.8848665435169867
3.5747030424465076
3.5777145113370508
3.5467956644303946
3.47543491013135
3.40917806523089
4.1202061194539965
5.003204721919346
3.5680283080967676
3.4411373739413103
4.568919599781027
4.519010993872794
4.306349552667934
3.551965014545164
4.107069867869508
3.9163303336582267
3.545998443095436
4.703416171262542
3.6158620663399477
4.193414560454421
3.538020355842033
4.789018206626564
5.069308574427513
4.958602155883815
3.9977603939329414
4.373567210296903
4.095653223615929
3.427326116302262
3.4940744842799765
3.5388737538921866
4.1619108745085445
4.544572465444408
3.657619688262996
4.49217009255821
3.358813687012625
3.3277957362270385
3.503882671159067
4.581084468231696
3.6178881799742664
3.394988344184088
3.343154791852563
4.119832019474588
4.390017716831887
3.4792077206633065
3.8277240003789466
3.8730172207954183
3.437063242497831
4.861583833083223
3.7393239397333145
4.337520865589822
4.318702291076022
3.478396173902769
4.593976985695383
4.438415025982431
3.606312096074629
3.759371236221983
3.377759241701475
3.3987897507875733
4.8361387320513645
3.944876353977191
3.6105547812575542
3.91771364974436
3.657671704484846
4.502033678379523
3.7518285877532045
4.268486961455423
3.895381730490002
4.83436406855702
3.3581892894934424
4.724797426132877
3.5320640251976085
4.102183702034821
4.426516266338954
4.07530408770605
3.9963146228936317
4.242645555129714
4.700837944502314
4.119422349855896
3.8223832531993045
3.5787942752218855
5.225409295353439
3.5808376128028065
3.5760274453685454
4.4878107184572915
5.451854462649182
5.704331412743925
5.1796998040167805
3.4911075689389675
3.3889196677669693
3.4857266423190434
4.314615455637973
4.510168389166879
4.453389448451617
4.341464523961717
5.085274214772514
3.895517943151437
4.098423352675145
3.4901915948393323
3.438329281850681
3.9685470465708357
4.4193422279315016
3.74300279032933
3.764970665084385
4.448633955759317
4.658924965886073
4.321571080414811
3.5658939745559803
3.704089863769421
3.634092789577905
5.525055634210008
3.437498507531501
3.757574460687486
3.7331919669704527
3.4572936736245095
4.874148284730081
3.398623883637791
3.455068885074672
4.189531215726413
3.4247894537103045
3.5036153333124083
4.33795689180977
3.7701231934243062
3.452816292847035
3.341847041405887
3.530575205466229
3.8835858467602584
4.609095199404011
3.430505611215864
5.308687938258971
3.8629638786409597
4.536743612954693
3.8003736820227183
4.128649825240991
3.5374272856961837
4.9152296567758365
4.983257225002908
4.225836982467542
3.7395385913589423
4.508052332641546
3.5252107198251204
3.6933676651992324
5.399611152674956
4.395364270198872
4.708055161146081
3.576593531999986
3.6811462657788634
3.7569281841514526
3.721789119076928
3.673940572400608
3.611010184970768
4.758601932999756
3.7531591566769276
4.035240303368176
3.5192237121032663
3.8271895925333963
4.080894239415174
3.6434824942224155
3.6782097597361734
3.9840743976895965
3.656643203437079
3.4718679149599927
4.103393489969716
3.5530774522311126
3.4672710163804608
3.5285447993270846
5.575242675472641
3.411589300113932
3.510836706147507
4.253137790899194
4.417757514678118
4.395403725336648
5.526223274161185
5.533589437329716
3.520395816283457
3.726590095482015
3.7863757928972666
4.9245140120414845
3.505990680792855
4.960960547437032
3.5703446290298535
4.0953968273465575
3.327299580134304
4.351437664547058
4.397808929043599
3.7012352550397036
3.3645855185921087
3.4158369263345096
3.377498142511941
5.3150962425320625
3.5358976991341544
3.416379443219969
3.664280001266318
3.9952089244035998
5.003392291708031
3.844337938536051
3.4573156199837967
3.6877880533999345
3.7033263999920254
4.063040812573188
4.581307710084963
5.7950121702419235
3.4485474102541502
3.5450859631848273
3.6266076009780397
4.50006846655028
4.343500085350747
4.76557300142664
4.005335009197896
5.122509578086972
3.817177397323347
3.401956332237055
4.461748568835329
5.132419794514449
4.58001537701535
3.4765888026888447
3.9058496526152178
3.3691140470476126
3.3348634197165943
3.5096850750517117
3.8979626797331304
3.627846426098357
5.127291332800601
3.667481401150495
4.323444595236925
4.1648623524804105
3.5496903399525026
3.934034456713767
3.7691052187146687
4.306558645733418
4.696944988495321
4.7439173686079315
3.4491584997963676
4.560114912591766
4.445180956870909
3.7879386413015617
3.773502164893593
4.804388887700296
3.89902215209101
4.087088057734052
3.436668318289314
6.418008770378129
3.750851150159284
4.235166024546043
3.5552816186792797
3.3598921780045936
3.357748012387835
3.9504600236759257
3.8354116216934813
3.380045060864078
4.6597134047317805
4.1030242409040385
3.4402717855963747
3.485326532677863
3.7764698233979956
3.5601161425363013
4.208805935261347
3.487566290181672
3.3853345375222115
3.417871835889445
3.5057013889939515
3.429372925383438
3.890119116079911
4.86778345437442
3.4108458857158266
3.404338205035373
3.4962296904326724
3.48343420311054
3.529755075571547
3.35668226036279
3.5412295420988027
4.529208396490825
4.337311569089431
4.445258013836629
3.8806020205026153
4.069301995831219
3.388341987966112
3.3407121592019053
3.313827869520136
3.982676110561508
3.4068644748382373
5.1924281392027485
3.539832246683524
3.44186287215393
3.654278053969157
3.689611357977511
3.9744308269732502
4.82849253339255
3.887251292287102
4.150330815201212
4.17290143633985
4.778971802211469
5.691029787931123
3.3540841843903086
3.405543446614767
3.3222528008194887
5.499062364992782
3.451368859191219
4.3384172296263195
3.49175805518884
3.488510472005303
3.573626653191538
3.4857002827111394
4.154726974182259
4.0022415355298495
3.805591676994733
4.963747069846487
3.4707844812777306
3.647000986463118
3.6942841974221055
4.553155966369312
3.7624897595343456
3.415211981891816
3.502476695524948
3.7791799146773655
4.366341017733831
3.772535671162625
3.825651518187625
4.082226499421902
3.4042123920663507
4.768221685690969
3.5312069707698455
4.105987723244832
3.8463796688356586
5.732370302150873
5.836614566131093
3.5152545270863764
3.6507060082495015
4.1552812392880885
4.026984719432218
3.61195161682229
3.8391668649264563
3.8266742564613834
3.437086568341307
4.651536138562076
3.5171414932122187
3.621904635967227
3.500073180449629
4.929014051514531
3.5102301100852937
3.6891243189431826
3.45448984745732
3.449497840353166
3.9716013227284166
4.042682618239649
3.3300338974814636
3.3447150492061843
3.357194777282513
3.5513310507229825
3.637411250806949
5.859644061433098
4.25490283493997
3.7326515214330986
4.049257365660465
4.713983951124161
4.089296827116321
4.525772318628027
5.466836727785351
3.5963066309022578
3.536691221865529
3.6003004573607043
4.066170818739526
3.664194002121044
3.8440888945980918
3.378792299720256
3.4954000415888746
4.792591799851716
3.4498090354487747
3.39194729696968
3.376690406773268
3.3950201931486568
3.387259331022897
3.3869933187827024
3.372258583250984
3.3932962835931715
3.5679530616805364
4.422367792577994
4.2916455758945204
4.134922952296789
4.941614984194688
3.397613045018794
3.772512046955592
3.8182356915108295
3.6663324536904796
4.39441331175646
3.8240260118617737
3.502793513081931
3.571602438468071
3.543016106228683
3.481079729907259
3.519605808728617
3.779901082716066
4.2537085854559535
4.531094379053043
5.741895445375161
3.5324390002331363
3.564673359163077
3.510161800931323
6.06350051419218
3.402567340884241
3.824491876358742
3.6597685778535687
3.7258840257804815
3.554692439249887
4.242190286739343
4.325642455530035
3.6282817915939627
4.144276977031371
4.723724092868152
4.188880384215858
3.428536697950527
4.936785800569295
5.684085309033646
4.409405224311216
3.795513652479208
3.378310021413056
5.008743072460041
3.944664312178421
3.821416984016262
4.809962980702501
4.397781450598158
4.1988866303143535
3.658867708524249
4.055498386676553
3.4190306373515096
3.3848382366305954
4.037649291607767
3.681695162702252
4.727267228942075
4.599340555739575
4.787068142612511
4.346192235871517
4.221696088273479
3.8900448285791573
3.6024770221162186
3.539219712621419
4.408077144176081
3.5037171268699296
3.4976486051825404
3.6044390617252757
3.999746918652256
3.8622727447620058
4.528683869991541
3.611365587243097
3.356631112554794
3.4257115253185533
3.6234737704773234
3.341996986111287
3.309315875591987
3.3441346395624794
5.378241145633801
3.367820481095217
5.845104032093437
5.5466002667571495
3.3423725653462615
3.6537361804793367
3.886613918017511
4.240202103537303
4.2694252123779215
4.911194792434328
3.916970420330683
3.5351900527522533
4.495634975698202
3.584248063422187
5.279436096474779
4.011981960122972
4.736049346801718
3.695157386254989
3.893871739312645
3.5619077117228963
3.4079974080784936
3.6112868426943336
4.106497550944738
3.3719877494458608
3.398771013720341
3.541021062734168
3.432066396676876
4.050073281410544
3.4834930097847305
3.45384874899687
3.71191284626261
5.011254398965156
3.59061364835188
3.936840671701247
4.0144207518709925
3.4569918384951364
3.953677268281065
5.01595252020325
3.859715329533291
3.35104741137574
3.353082458486188
3.7657687633145462
4.496227607128601
3.3908931714423067
3.4371290279367974
3.3803410053622245
3.6415468316935975
5.191405041607119
4.826610067858844
3.898831009554847
3.9836483794947726
3.808239909864824
4.82996237585706
3.483189322528858
5.100434820489054
6.148206926799584
4.366779242219114
3.431961481996452
3.3846076916408663
4.388370640159727
4.616090560614479
5.2202214433931
3.562830373550352
3.747974008356549
3.7655003487256944
3.447258659086775
3.4115197759363567
3.6376711301463134
3.649741534381275
4.025497532202142
3.5096078374550697
3.9397112282051983
3.4753765539137746
3.6903979050263924
3.6259789073513726
3.7212214428675123
4.128884594997439
4.320832283034903
3.5083804658555184
3.64816895313349
4.5521150835642
3.932505957163872
4.781859864584644
3.481382824120989
3.362106383499542
3.3104160333277783
4.297870689998403
3.5144166481990218
3.6110198477133
3.44616843995498
3.565922475873502
3.50200342734085
3.562529915115712
4.979002655758499
4.043365069062152
3.8143919635006225
4.13291486512329
5.5140313311835065
4.223959428999401
3.7842286924694952
3.5923557437686116
4.401896263162575
3.8575337359961472
3.7014483997180503
4.7789075022814576
3.6770523768442676
4.4035296956612955
4.322070106672076
3.819488330023938
5.519020757364663
3.4183363677585246
3.4285698198945456
4.399697966731936
3.8943783069039872
3.4867744727449193
4.263533843399461
4.401600498946666
3.473581943607738
4.915730862745861
3.413013934392755
3.872810511816616
3.8220741238704248
3.3519970476954764
3.6360315370663363
5.491758344528936
5.137605886787647
4.638933844856234
3.417656606311072
3.7188162803152283
3.550668268896506
3.7015841288851608
3.964355424099381
3.6532172164439016
4.406409908941127
4.4152939058462675
3.756674110979874
4.84982609357857
3.817832421027218
3.660242384333779
4.338648899042013
4.066011231477191
4.171405769455631
4.571150822943814
3.649764302713515
4.639601162596822
4.146420330370316
3.5007832780091883
4.1677884938353085
3.4604264816377412
3.9905353657004596
3.700574585730274
3.764079270487452
3.9457229763168433
3.8958220552132095
4.375850446662366
3.7505449359328344
4.651325547247431
4.534845254848446
4.050566121516507
3.7871621330616696
3.8569842820320526
3.4667131710574752
3.4403434072816697
3.326459132248088
3.3662291713811907
5.082125671036074
4.215911392218285
4.129953824231453
4.124850782783583
3.5350588513791137
4.747213551088082
3.5760544518007125
4.461508848491137
4.703231861637484
5.666903036478215
3.348596311906648
3.7750171466837066
3.445010013399027
3.8760996136707897
3.6430198451390066
5.026095349202326
4.837743595056509
4.105570917669957
4.24603238236587
3.7368599053930738
4.812302134701705
3.9013988983141568
3.6463936614364334
3.4831384307482813
3.7059835139310766
3.5826003128113326
4.956754833181525
3.7047517955337224
3.590070901201471
4.277178724899538
3.5419992537026417
3.554928505505919
3.9551431090630853
4.223362808445934
3.6838181850846046
3.4394176066151116
3.4814136798252853
3.7266072832375445
3.8484318199406973
4.1946509743553
3.7128151582922992
4.795857337307569
4.835333314938292
5.8739001223884575
4.486725553860561
3.6143636354445716
3.440690183441693
3.663036878477726
3.3718769156216313
3.5533983320228257
4.746940339143231
3.436013371398075
4.518128801842803
5.3664077158705865
4.113995947374639
3.5216178328997865
3.504773871759343
4.194574519634873
3.87483223652944
3.545528550293626
3.3407917742729905
3.4116212397250836
3.371233923526796
3.352051655719539
3.674801082168508
3.778249661916172
3.6846344137110645
4.769165991180893
4.371083656519685
3.5708449737821533
4.471928255192145
4.025144108296488
3.7866576052614507
3.5256173657059553
3.631586155416808
4.4437406607045595
3.9274383171882534
4.8934569390669616
4.690633295737863
4.30454428296799
3.7685165888263383
3.9798979924768068
4.23300387956707
3.813451503566083
5.310980117534561
3.3179718176603923
3.333670194617688
5.694212422336795
5.922395063064174
5.416771103442168
6.259899402628111
5.815791423772053
6.497506619737418
6.622875410192531
6.3026806034628216
6.449672846219176
5.8918487922263285
3.326248543593958
5.83459492890783
5.617164942155087
3.319918900754898
3.730264891956778
3.4279653705803588
3.4487868429744895
3.3375817314136533
5.079845123179743
4.730891126560333
4.981098585605707
4.0712119577580586
4.42882688275503
4.474806325815603
3.5033231086416317
3.35849979771062
3.4436330270627753
3.45846948520832
3.4561551319795325
3.471519576330774
3.627183678046899
3.623630014799279
3.5877372946776234
4.9036858170611035
4.854063593173251
5.4207132817320085
3.42072332318166
3.4063022882217675
5.7345858469929345
3.453117084064517
3.9141822210153654
4.334184280085136
3.4797354775827043
3.686876650137485
4.325958143264417
3.4672418045893325
3.677705392374701
3.6528784832747254
3.473714871493924
3.807516196160221
4.049957380398215
3.7019906177782276
3.6062685030621173
5.510589075110632
4.16556738380282
3.6854089009477224
4.682357238249482
3.591967770725074
3.4141723576221756
4.344569205565081
4.181906768767992
3.5566229246423617
3.6985268777145883
3.6381554651095596
5.087709397027656
5.1910802356796815
4.885776557398736
4.336177356561196
3.8555127066067336
3.7304709928597473
3.8688859811094463
3.8620714702285177
4.326775139267126
4.578163385232641
5.206241441285192
5.279083351090254
3.461569805123887
3.5002909685594705
3.347652118415892
4.699636840851721
3.7771099734724363
3.7996625072414347
4.131075075746344
3.408839298215336
3.3422681662882514
3.9835989626375277
3.85585192543567
3.346918054733913
3.588251885721199
3.503782845042222
4.078998509880683
3.90550828354878
3.903732337708972
3.565438255701176
3.729658677905719
3.866871279658201
3.698150978086235
3.5584978317106315
3.7489183330751774
3.435029547242845
4.24002828666721
4.426447593933726
3.6382878348405394
4.0245923608414165
4.5144357555934755
3.8787423732570967
3.82971550377144
3.7668691818687297
3.6155817173982263
3.790128271258203
4.0858698867921746
5.329129052430154
3.5123800147086737
4.140362395942349
3.550417216334832
3.4028269314480184
3.390177972531025
3.6186955453390803
5.479322440960377
3.531111144081434
4.23347877307651
4.049407624916156
4.734575931797305
3.7058785564447336
3.652242608893247
4.584455580233428
3.510171602762031
3.71717256918304
3.9565368147261033
3.503118850652517
4.472391833507942
3.630755413468585
3.4031330997719413
3.5184587712841107
4.129826233739799
3.685210885749555
4.729764472898545
5.375736171558141
5.348750410626911
3.4519798853402035
3.536781118711388
3.4428694370853745
3.8125776523106523
4.629900485047973
3.7328572234823763
4.31932629559256
3.376590482402693
4.676786836724805
3.384277218253926
3.4499157285649256
3.435221758443218
3.5458311607999238
3.713780020693493
4.197292268624662
4.272998125680954
3.992061961738954
4.79736064040777
3.485605438233
4.70025697088369
3.813496247625255
3.6212511765268345
3.536906789234697
4.072049293850797
3.8977838010020913
4.13512080945006
4.7479572347624295
3.4599777304818233
3.439859590926334
3.664819446616786
3.6222802894526804
3.8233144545202906
3.990999275965588
3.7252123433142073
4.849487292680273
3.3671195553116204
3.7038356449960794
4.192050028116775
3.3274962981333447
6.110561822855102
3.615294280098505
5.410006134259287
3.4494489952568252
3.699585452184484
3.871550073154836
4.273755026589899
3.5421187851851017
3.692527486962285
4.83277346426854
3.887091960074833
3.471294036359139
3.624977968623551
3.385687640521313
5.650407482562709
5.59690000161506
5.153223326886307
3.904814146864715
4.283422464596129
4.180413968648431
3.5726644388267146
4.184872664806819
4.026175908571064
4.911359614487995
3.411283538083456
3.9646339757103295
3.599982014177135
3.7651073529974255
5.043252344955402
3.437782524497814
3.370679388002757
4.5751781236868725
3.6717122146432106
3.8331301996894704
3.4144443535281725
5.405580779553512
4.785973289112274
4.789935831531239
3.5493914007811886
3.8717434524412404
5.371834507457534
5.297843335851148
3.5811607549982933
3.5277187416719373
3.794037557600863
3.772054168046554
3.672038610495747
5.570090060466742
3.5375312074107144
3.6089651383769787
3.5668997536315565
3.5246157116318724
5.168197365457978
3.689528764334008
3.7714900806439164
3.365339767330786
3.3446060353386216
4.637174931004278
3.4929510903105894
4.870594189373111
3.6262770989873157
3.4581722404722397
4.267601531806955
4.526174445306846
3.8983047548127834
5.316018641502614
4.471535369322925
4.142480793235156
4.604935973344782
3.909426561280892
4.984083213030816
3.7458331133817593
3.3254110761353894
3.507754911897899
4.389034635173828
3.5950673324908733
4.137232006991161
4.089676985803177
4.5709704892880625
3.7901481611348675
4.438972543307959
3.3676345054888737
3.43898586668868
3.4609801519443986
3.3259948606113037
3.3144880747067207
3.56446659380166
3.350905295344365
5.026487535858973
3.87457495742378
3.8069074579338213
3.8751884042186564
3.3630446284063464
3.485521604848978
3.5057499090419446
3.3353620595458615
4.949923540011868
3.3776309811665923
3.4704168896633254
3.723810839278924
4.425226244837679
3.498668162288792
3.380449179124156
3.331500097296074
3.5290429210034553
3.4020299752516916
3.386197001849948
4.645252987178507
3.650326312002891
3.4016040644417727
3.590553881457587
3.72319668874339
3.5050618055214224
3.4582807379664424
5.250963417537721
3.441143112233245
3.775743229855976
3.7106987195153374
4.397871007189854
3.592133355768188
3.933037251135671
4.24557997157984
5.06081768646109
3.362531681023741
4.322727838641676
4.007708132051806
4.040857949156591
3.6987273603236823
3.578844266547904
3.4053744435385744
4.437784895975417
4.600913375458706
3.471926540836961
3.7829973159708845
3.5903954074774336
3.856611371272024
3.7221828364487184
4.51078102054987
3.4177706204629716
3.6146386560968997
4.990150525439524
3.4479084100419013
3.986708602187889
4.385101834286567
3.6414751261895955
3.499573717468904
5.247326027264879
4.597262329539404
4.231838843850057
4.5270637460007634
3.3782298021738173
3.4220056504986616
3.632907983928901
3.3864872080149455
5.346659591287063
3.6625041141871906
3.392363538074613
4.4806089189796365
3.526588786503089
4.158097338718077
3.949186736932882
4.108784875142009
4.497557677408714
4.442648393138668
4.550245671196574
3.3142352465909104
3.3153909084043955
3.608582773803139
4.3934815883128016
3.982138470872167
4.131259819210454
5.6565821692515685
3.781796015970995
3.971557845775616
5.2396744159622
3.4636608698998845
3.4585136245221517
5.305185971875363
3.3800786233791555
4.234330480297025
3.356990419498781
3.463388906487639
3.7046013945560428
3.7437081281830267
3.418324092395388
3.356867974280699
3.4812463519790544
3.5433285554829825
3.4687875453273485
4.3509757515438725
3.7778478593296914
4.199448471963225
3.7635555143056836
3.384951618246706
5.267679036802496
3.5421058241891306
4.80573786720432
3.489734190616691
3.765948057753195
3.509229678268862
5.010351018062812
3.4684589220305666
3.786436220402304
5.239887341195864
4.35149003022063
3.62692398486599
3.6967006157050086
4.40107876227655
3.3040038689285645
3.8256876006132288
3.3540757563922483
3.7817417137881053
4.70805117043375
3.5330826340099315
4.485958124246492
4.198541214596779
3.6612779534411533
3.7258258555266233
3.5595431628406144
3.746847984899909
4.232310520021667
3.4536967948125246
4.9791491505770615
3.634896015561229
4.0842504111443025
4.779661759286831
3.8353156296927127
3.5543108619507624
4.147643613867858
3.6323290326655875
3.719267951666602
4.451861468453875
4.319600169502213
3.9374212331835965
3.8583480706619255
4.287432532324528
3.4913334155970217
3.570514075346274
3.7603190014328414
3.936292738858725
3.5560178579825386
3.4333920936454456
3.7728200470006423
3.3913085798337628
4.053066072119149
3.599784052643402
3.6213507550094985
3.872999948971442
3.4810799807991724
3.4619916173988705
3.7257835666253203
3.6061303714189292
3.5727133963379645
5.217013793065199
3.5626039715754203
3.487441297591944
3.5445919542081623
4.082814278022239
3.5452876906862203
3.516771368161047
4.686801000292176
4.016460044290654
3.396192721813172
4.066477458467049
4.342380287754593
3.3839336029832494
5.643723109237735
4.376668110132869
4.129000291981771
3.3717516942252805
3.3543521857604137
3.3438262422456515
3.324586133814769
3.3762031585213923
3.3404384093392347
4.911136873348489
3.9376906612657274
3.511481486335014
3.543569191605309
3.418542182671314
3.83370989662886
3.755458205337537
4.651133184536768
3.4170024771342167
4.84070066059026
4.248201670789772
4.198756132277046
3.5216879285652936
4.241723927578794
3.914195629309698
3.9541067298082826
3.694293910284939
3.765775795662793
3.568107681384017
3.6722712840829583
3.7393595589496442
4.643720321575522
4.410553408968091
4.123644980532402
4.053318738940582
4.4452797015448064
4.461845560235224
4.52151002850622
5.7869848812342894
3.385488746453767
3.45572894774112
5.332214756996228
3.6197059126072264
4.056272339258484
4.322764507341436
3.8051790328075317
3.4499666865767384
3.4307152340026024
4.269220291653374
3.8843023860147334
3.5949250280613785
4.822419483135856
3.4817027850243165
3.3696377143974345
3.8367631405549814
5.659077979335298
3.434753575799474
3.5109284535809926
3.6603043458181466
4.09758630489628
3.6186720216341053
3.5600941226895944
4.036245206798014
3.9411264313494856
3.5293923131369533
5.265035798066359
3.3683569128254343
3.469348351118561
3.9573810741942044
3.6773944218388888
5.473058115397256
3.742283101271511
5.556601945469787
4.301055113087946
4.881371692667282
5.1434563872438295
3.9972274760192663
3.90275120707261
3.5850111747673234
3.527335760764194
4.039793225824258
3.467185556956098
3.376499329184269
5.266495050339687
4.341959903518372
4.825102940974492
3.7419488037947097
4.1562045949129205
4.237422563427785
4.6780100874989445
4.58830206830261
3.6840323053905375
3.554772297041882
4.9671809033144125
3.3943454341940433
4.037087911051827
3.4937165894606723
3.392270898167853
5.313656903202543
5.591716813466448
5.533236629676861
3.537134535459094
3.618103315527922
3.783062426486257
3.351875361731646
3.3442719800790086
3.4271128196805676
3.582522711822641
3.908836178206043
3.530293186348775
3.448771044920834
4.4980636192487555
3.5793467990192065
4.4263930577831765
3.9802168586305324
4.387361691167652
3.5390324019671153
3.6200935716392837
3.406363821269073
3.6216719892592653
3.376322676672853
3.9761711981993466
4.01083647739199
3.386259238560071
4.3244477579379685
3.466888731790133
3.6748297694880403
4.338781446779067
3.855779228061862
3.5708671582024367
3.43275831874295
4.947338700037422
3.5536379546569674
3.4254662222791703
3.3942293042044946
3.382678420508599
3.3336451678522696
3.6934562748042157
4.496088712950218
4.659699204617542
3.6750771338481885
3.5506772002141704
3.4301650446768503
3.366491209166221
3.5001888989394825
3.3928114947253976
5.209934757319944
3.4192138854276655
4.7482463793923735
3.547750808601885
4.335107683667168
4.237673091347265
3.6302518574906912
3.4862060716460115
3.416364254277784
4.669028308507936
3.5832269623389217
3.422767280756756
3.350042247931103
3.4071757208313826
3.7120693116737558
3.406032770699711
3.6490449279925636
3.85810467378145
3.865261195632266
4.261981276255014
3.9948589103709438
4.483847459424138
4.805261262407956
3.666149073380375
4.238061766041031
3.368530313467512
4.992931006259537
3.881815621562735
3.775887512324232
3.6988758965218818
4.017200351664059
3.8758450670534117
3.905563442715303
4.022914395588956
3.649872314668232
4.0064611889332635
3.419372891994093
3.479053337900838
4.537844030188296
3.3870126876558393
3.389111413807551
4.640293870080189
5.313455201528783
4.543001068652041
3.5034870145913324
5.226504962934385
3.507832209422421
3.942868952049647
4.134623339320702
3.3924796375879014
4.050151536628272
4.102262834735956
3.904100507909545
3.343089414726724
6.20766000393329
3.350861097927731
4.501023629222287
3.3339357353629078
3.3412111068289185
3.3395674628466363
3.6533219350519195
4.323386919262011
4.252329878637527
3.535649593365707
5.07706608631422
3.4341505068419416
3.3704013755255993
3.491910986337613
4.380110718864241
3.378235722272799
3.5226298100577753
4.156870314519756
3.579336533048408
5.113149659535827
3.9323109460427017
3.394918570421373
4.5601541934962615
4.337286143003709
3.7817695634579214
3.848751620879852
3.673954776678695
4.611804344379938
3.449180043156146
4.193908529328512
3.4777341228466945
4.553733770154614
3.3492566935600796
3.301752872123733
3.33069677880575
3.3090199125595587
3.3099348959751467
3.510222086177487
3.374798792864111
5.00335034994278
3.5910592447376395
4.140657919395398
4.07694318738481
3.4512642891006844
3.991714062024991
3.736054864903562
3.812220716881612
3.75037848465841
5.206471750919305
3.4599209492525778
3.834691288565388
4.272856654128325
3.500954605527061
3.674423239215453
4.15175729267113
3.4154345233708043
4.507427187259498
3.5035659479210524
4.068924316221389
5.179162780830046
3.685027628465469
4.097406689504666
3.5359823071068583
3.712044683302234
4.196876859371614
4.349650819143915
5.414402884550707
4.561990210903176
4.025280880743976
3.9587181624963206
3.647285011912607
3.422795025968454
4.17815636549738
4.032160310652038
3.601043913750239
3.646826765674292
3.74856169834926
3.8280235645399134
3.4707036504783604
3.4029743174019216
3.351560910679319
4.493553753845008
3.5642304071699034
3.407769024744707
3.449449580620931
3.7478447614536377
4.048880159424665
4.543986304664949
3.7222199640052196
3.648661200174188
3.7105852728160067
3.57198670866552
4.572031463588949
3.4953338102717812
4.388429727308093
3.398047727727463
3.436284062228248
3.448368422673017
3.4330814867570707
5.9574421586596396
3.4711989941801398
3.379182582286992
3.350644402591645
4.243028075530181
3.792265207898156
4.727196896781441
4.206834812619759
4.326942753057166
3.759499807059279
3.655775008853977
3.3630761597501184
3.3502507963962804
3.557290356623556
4.184863424360516
4.26468931482158
3.7245943092723888
3.624358434157315
4.016139153492296
4.063130449465115
3.8533119203108517
4.579388584252238
4.693138622828322
5.088585609145188
4.24345853216132
5.090753289118557
5.63295591116657
3.479056454452237
3.433555519926064
3.610918762136441
3.703810002470601
4.831966741295281
3.3677867186466335
3.529079879797232
4.7040650270353135
3.344563244028499
3.339938148219268
3.6599518714714914
3.560914043201744
4.178566163663961
4.320596688718917
4.329015050007179
4.380524414888427
3.640154778287827
4.150332290012652
4.292145833168221
4.078907352813965
3.540525476503526
5.513011236292673
3.5421803390952604
5.213054963516253
5.32218316090713
3.985974521126333
3.6949560853152486
3.7138925447146542
4.434200961795604
4.176612478273192
3.553286826230456
3.9950764783872366
3.6554038054017832
3.581550588699155
3.933162820655639
4.1401473647388425
4.047387797967572
3.405892802441575
5.760336620517951
3.6224479237067233
3.4000544670394204
4.734312169064641
4.457105814384962
5.132864304976815
3.4102130635502084
4.241373851901928
3.435137080352874
3.6501267368392925
4.3026138006283015
3.741095026020751
4.345087650403645
3.9862896779127164
5.193531325989785
4.379301168081531
4.709680004599135
3.413862320867478
3.7853257716643216
3.451648198979585
3.4103974787488136
3.475437343735397
3.645140617769516
3.967085135785624
3.9014360785562476
3.5693829508254025
5.398364436296252
5.863980251532298
3.530536103259027
3.6270690465277045
3.40222626022213
5.434455539951588
3.527278578963006
3.510486967039247
4.347725338738982
3.635165161771638
3.5182684190793023
4.134313768117176
3.6172556897561066
3.4358397737321447
4.336684587292245
4.605518694501158
3.570344351657174
5.392532812429731
4.33146886731927
4.630353687243482
4.15261146532997
3.559231719110407
3.9348721431221274
3.782976267390368
5.493757446086648
3.4754412559930383
3.3356839188142504
3.8788065815701223
3.4634216699613685
3.5999143782074285
3.676512719107883
3.599829067569716
5.787249786885418
3.481554496242198
4.829089921412878
3.399398275949853
3.5098286214154903
3.50102924845846
3.4774574879757107
3.4488686303811598
3.4045000623890056
3.6042668887520284
4.148278916878601
3.39896980662532
3.486071161333583
5.182991826971993
5.113073916887779
4.861057596844395
3.390008614711969
5.332726529116398
3.469461888068957
3.441434701075536
4.381071616243809
4.8170809584587175
4.273315132801564
4.162797065863698
3.4776421771478887
3.566914093003022
4.596013045494992
3.380358144607077
3.6707199316346997
4.7876108850426
3.6468346535116227
3.9558702029102246
3.6617759682503
3.678129690295864
3.7361119247882075
3.755153621176293
3.6910994347989026
3.453332507987734
4.503234263231087
3.4235130775725096
3.8904144896581836
3.782934438470535
4.8090018269037555
5.520720652032045
5.469109537990824
3.53759846184167
4.503811454659875
4.456714733465922
5.556406776351272
3.4337659905992037
4.539166113163421
3.5141349372437682
5.370894176806827
3.4264560610042363
3.6081766327348537
5.134730887407487
5.610226657036177
5.192754055726765
3.822804789131804
3.978196011590301
3.5749243508376347
5.252108384589072
3.61336703129253
6.21605785799933
3.3816196044150906
5.375369139934561
3.3961752054817493
3.3855643559304673
4.614819145179758
4.215914785738849
3.456976121766348
3.3347784370500504
3.335000664526782
3.6064594000721737
4.1051241645267185
3.7521450058476504
3.8638524909239975
4.501483748943859
4.804971727734034
4.238583896190486
4.531571373788692
3.967602398073872
5.1419979694283695
3.3763795925039295
4.2071840317389455
3.6871514966180614
3.9083821545889768
3.6463843508540505
3.3662597303122848
3.586216504201028
3.6449795932163322
3.5609850296168943
3.6028250773136037
3.995397515340569
3.8180741127006836
4.344764596085731
4.25848995116928
4.268006834262999
3.3346371289404897
3.868832452596187
4.925937949403673
3.892722032745024
4.679081883273261
5.285111801295537
4.178832279890862
3.7259612717128823
3.679950577662729
3.3920588813668076
3.445572376576826
3.526471105415422
3.3947123726044555
3.4480736755717047
3.3430360144751217
4.464334184907751
4.242719831418069
3.7131862832840814
3.513252985341949
4.055403665764692
3.6074520479681462
3.4062389630936982
5.523481579693344
3.4794657346516114
3.435830188920745
3.851888573737271
3.5115754112315707
3.544463099716363
3.9258691552388334
3.422951995754421
4.626977427757807
5.177554390121713
3.3679178324600496
4.965129754091878
3.6292225195584606
4.900886979686657
3.4451470567124276
3.3506434594463106
3.3805769841979663
3.349798273310916
3.422813272411701
3.436435317110516
3.3451918735461423
3.4392661525666472
3.4595085161738064
3.416150687581221
3.415621751507448
4.698443333212497
4.50331897055127
4.383838982253071
3.4964861648417482
3.5076546494554384
4.924261139617762
3.4354482449794093
4.887864488871825
3.6239524976666213
4.193859577234976
3.5883207313204855
3.6406435698572714
5.65683809909676
4.4865466152427125
4.156212581970896
3.3382327860093133
3.5853632558220627
3.324280882740027
3.414544138900783
3.4941197672491295
3.7434882642242386
3.8751780239658413
4.3702873945721965
4.126145078415537
4.669972710695353
3.4542535657815385
3.6670855300058274
3.5874418578203264
3.620455148994493
3.761802168845012
3.7618213253281123
3.462131029067482
3.5560824114358556
3.6197829549181715
5.096965464983163
4.102970734892641
3.40091588994066
3.3546529017154927
4.905175679520907
4.164498517949683
3.515498434414468
4.620459843829692
4.325522071892394
4.392789497924015
3.7395101404970745
3.7443550153376677
3.8593462561449714
4.400236111346738
3.9345405849484494
3.3464243275718584
5.052681047758913
4.347440531275404
3.9204663111731475
5.4821224804045405
3.643110029175113
3.4794458506057544
4.06838047673738
3.5457929002293653
4.15852270107149
4.277784103163233
3.7805107383731316
3.6848904966904863
4.916659585743078
3.4472681077380605
5.338619295710416
3.3509107307589443
3.3762668571146275
3.507462064315714
3.647544267881167
3.637693936089163
4.171697256013531
4.586598197834808
5.017365791047132
3.6410309787905337
3.5149238420042472
4.268470722247379
3.450491993376504
3.535650914684063
4.221569181160671
4.643142401325562
3.5488170765313187
4.731681307343883
3.8881490398869305
4.27822763554812
5.698918078691476
4.700213021654535
3.3552258554205254
3.6949073252286024
3.645235513299453
3.5347758101865328
3.519551908444916
4.4414663217640165
3.6251155574616796
3.8448275916473342
3.8726807060313195
4.858418605460333
3.50739505675485
4.080744429450299
3.61893058557911
3.453107549469698
3.5446287175078965
3.445204278824402
3.5519049514593974
3.469073048343776
3.5213513076434677
4.211549342199501
4.109588777415206
3.4990920595013097
3.9711381022621084
3.9501041633524054
3.5251158754900374
4.02081365039427
4.0346684434731195
4.383961411305687
4.072853472130795
4.690853349601612
3.8136464808448127
5.3498358648659465
5.401050809754279
6.308285599145812
3.555934787085975
3.7293395613249767
4.117747890851008
4.767991791508863
3.4635644807994024
5.0399529307435165
4.634328883273238
4.052024716838611
5.252275813453812
3.4623876337090054
3.750743837723677
3.972805189479046
4.165587199966351
3.4543164238164783
3.455182480285667
3.455182480285667
4.148920292049046
3.6977652695000183
3.450759974625817
4.738482975599103
3.43829494123396
4.570454814202148
3.7556326534738775
4.150757520576684
4.216828662121015
4.468907235412037
3.340765183977366
3.552295982188408
3.35816571909864
5.133529896751836
3.518208716527527
5.377071076898417
4.270769296136197
5.3252544301899425
4.506833102578491
4.5618198285498845
4.562012182160957
3.723010586904425
3.5164474736175073
4.1523256263590795
4.577442204577521
3.5934867742211716
3.3640144622805948
5.829521567043197
3.309996997747346
3.401212215507484
3.3318729320906817
3.344162349330581
4.5721302890567195
5.477807934883744
3.8630867831401594
3.72573368988403
5.157510870969572
5.114001910421043
3.427773983192255
5.5064423098783
3.4475405422910104
3.605091121003815
5.479853006843171
6.19724227469704
3.310114718401703
3.304520993097961
3.806664477466243
4.426436564411775
3.5942441297033976
3.6621785600130567
3.713118744721718
3.611872514959958
4.093799817115871
3.827066444071665
3.9418799689143365
4.1844790851850515
6.057152447730155
3.306884016605489
3.328566208665844
3.3129515236092226
3.3209285550693144
3.308318645253679
3.307983359486831
3.319281813555858
3.3189065153425235
3.318568099988088
4.96854933987527
5.511382957115855
6.160481863098225
3.8544643613868272
3.538140980427632
4.559055052462752
3.5615937297300295
3.4441470429442225
6.0013335674817085
3.7549341393661066
4.572078473901963
4.198515630545494
3.666639297953103
4.1979647094935055
5.531372222745551
3.7843824486667015
3.439104870962498
3.341249924674214
3.3636749685661833
3.3553811571310064
3.3529601641120257
3.401717578400553
3.3933083893509792
3.3709116760790376
3.554644152473534
3.5388712945033163
3.8532242802046373
3.6710281906529607
4.06592448697307
5.152442042315208
4.658556384227017
3.5974915256698305
3.667390508723579
3.6327108354734583
4.504050833233943
4.006178560115921
4.769794435352594
5.352630586853049
3.3237444831044782
3.3518051032522957
3.3690816336795204
4.765043642264283
3.5632797293552967
3.6428781572430924
4.03094414288773
3.487765201683914
3.4165621154392087
3.3420595790327994
3.970131249588866
3.8273529916247737
3.3390659198870782
3.340103326750856
3.325715702207813
3.3493912728671598
3.835669993226224
3.6431714153345256
3.444648254865409
4.174188782208121
4.899656810541158
3.852519216201482
3.520136741901723
3.9233377494498245
3.9759183926793416
3.4709115168958036
3.861276031641337
3.979937302069817
4.400117426627918
4.16986998802441
4.030212961394983
4.874268714146359
3.535779999812155
3.792483739826158
4.055462298314355
3.5733157690405277
3.8665666616904044
3.8634314797810214
4.978426917141764
3.792767983871717
3.793249763346572
3.538761348358042
3.4672761961146397
3.7507595090187658
3.890375589717413
4.6668960344908035
4.267036329917647
4.0031914928153265
5.880344620258808
4.166039271983068
4.1586227247018055
3.7107610834306
3.478551317803198
4.046193616379771
3.83720152459476
4.5897754892885585
4.894405784274025
3.3307802020050916
4.601677269115379
4.709227625476763
4.8315077527430645
4.786485508727155
3.5560625401454664
3.6834763364715943
3.3572450314104634
3.491722720966826
4.393893305174363
3.8360937739904735
3.7544564170688943
3.7390287438632535
5.591799076081671
3.46500461489802
3.797498276026717
4.2096093279154765
3.415194004466457
4.5659045399697495
3.4426366119658094
4.952429636943014
4.363698635891575
4.924381712717949
5.64434747054438
4.983951663991036
3.4761812257732787
3.414500987485135
3.3848054410201622
3.500353456193685
4.210908380188295
3.9854936923802398
3.411143231743248
4.19192965868395
4.322717091310008
3.494923386882374
3.462920780573407
4.032440961083399
3.7243964300179497
3.4135317155023177
3.53676077723558
3.470453909495986
3.7094395671151923
5.088483531154731
3.3836242711282503
3.3929075624316987
3.4066126877863767
3.354831504015463
3.385765141132279
3.360589634573139
3.7505266120360523
4.30179643003896
4.261375445385107
4.50286634606563
4.253408853629533
3.436439837886638
4.71987045172159
3.5910509243061446
3.731564123420924
4.959939552631223
3.5786097257377643
5.351153767405785
5.705639312082901
4.19271738936118
4.37262926490292
3.3801967575213436
3.4811682340926255
5.100623851351588
3.6705705369422748
4.85216750380282
4.935775131090146
4.0024221178365025
3.494401087541039
4.2684977155201915
4.672039855476957
5.927886006441558
3.4840002815740245
3.714306345617706
5.330201255735245
3.354608927079683
3.4425495059732434
4.446033226931821
4.327983182831905
5.165784758827741
3.6039500567155303
3.9897175076088094
3.476353053218852
3.3905648044291956
4.032975554479278
4.713627764811692
4.662733657266323
4.902624372660245
3.54335137518264
3.333566203784148
3.5080325507184984
3.673574583774763
4.51104388311207
3.9460975357412638
4.06079954307957
3.334444677169982
3.3180450025640877
3.520585559866942
3.756083432136255
3.4033983302773327
3.5525279953276834
4.48105457073768
3.5784249532293098
3.63958970620705
3.8537530450212545
5.242073404912353
3.6178899711842343
3.6285471426919815
3.356235361415354
3.4397733652477656
3.6477071517360726
4.216612377923085
3.9743134017510133
4.049787361319632
3.961317436326887
3.693909761665128
3.487427582806569
4.615002062970647
3.307747454704994
3.3101882229033572
3.3158234967637092
5.651987279488911
4.361642031749115
4.421624883228098
4.221706226193238
3.802904325455561
4.495355378332254
5.336374772350249
5.44525426125257
3.653384502567391
3.4442083820419214
4.202296078410225
4.460306032202052
4.695771780209324
3.7117828441556764
3.8258948547664744
4.125022487644624
3.9014754385956154
4.710704679679625
3.778375957720299
3.8470373125115
3.5192528943937407
3.587277049275708
3.462644605936249
3.397761393876216
3.494625639235013
3.553261172016641
4.933515786578113
3.491243654146567
3.688489296286568
3.6414834556995093
4.486321766203374
4.060152328416121
4.272649466629036
3.4957680730994936
5.0467954467712
3.510135474658597
4.544887578916146
3.487861034119144
4.0553001345153215
3.5540060047510464
3.470309173690251
3.5009600993754537
4.110753829443802
3.6314394266602323
3.609646423468446
5.561215460167595
4.562040227533033
4.270648692601393
3.632932435570833
3.6678696683622327
3.7126241557018584
4.221196224436339
3.409741866545156
3.6603995660277917
3.7233411861734558
3.8332300322800856
4.07415688960935
6.019871239676446
5.559659529897759
5.46337438662766
5.222231752030083
3.9636656891110857
4.157187748132667
3.8750221347256444
3.5238407910028022
3.370021541093797
3.443273987479882
3.456991390745195
3.5804283372189563
4.108152238918491
4.96237031688794
3.4192494636377155
3.414914662129957
4.688891776091979
3.350477196179158
4.344652279526431
3.822740056372903
4.515309456507454
3.4892810925932283
4.523501256027195
3.5177640250643716
4.725179864049974
3.4170803617485426
3.60626865411823
5.072713114317123
5.608213778434078
6.375147151506601
5.469885628028583
3.416740357556073
5.439817929950273
4.248422416909214
4.7601929025469225
4.1774557966215795
4.186940517289584
3.5077265586175965
3.9318635117184155
4.527276955115906
4.053045245282309
3.9064084744025394
3.64377856614058
3.8989427852444485
3.9092058743117946
4.16408343214237
4.990379512603139
6.035379894234826
3.4446718115480723
3.628700305574167
3.3318407201621634
3.370536663680868
4.8662008095725815
3.6126776290009732
3.6168616804696416
4.186984289452324
4.047757144052161
4.451866426511989
3.6965067894792303
4.858524378719897
3.402949351457397
4.945726352315603
3.4647995425447267
4.441165612007894
3.704418653897123
5.247404961619579
5.658425962795137
3.611177750591388
4.912703064689074
3.802990054273052
3.598413925859373
3.730305937433698
3.639997778891079
3.334677979210004
3.3501007928906557
3.8624057250977546
3.70859307920482
4.008595911396662
4.091670600967619
4.335310048409489
4.163591384147881
3.750277653594664
3.585570244567421
4.119829532389642
4.537546957257855
3.777003379863335
4.208852790703282
4.052561935453539
4.659918982613985
4.584765586175355
3.3911208554575714
3.765783964595867
3.500841944595636
3.4289779812603975
3.695532489251812
4.132245145718293
4.135600651052845
4.157100326143617
3.420222715812515
3.481755346303763
3.5032052064896284
3.5685653456903137
3.793038129991174
4.274953400241672
3.4008780598704935
3.4384747906133146
3.7054368437613863
3.915659633400332
3.7202070208943567
4.05201689152302
5.122522493388949
3.3897260672724263
5.207307884010382
5.378197821662292
3.539937243345103
5.123256637501914
3.4407331977089113
3.4128588405310865
3.520647553659649
3.6131732246636883
3.668943510709175
4.127338919038244
3.4071326888123132
3.529425730414347
3.550760064654087
3.480237291144554
4.270413372181118
4.694206496905863
4.588318781747089
3.6068638634657093
3.860491369461063
4.29044165384539
3.4677667759498165
5.151502331453901
5.10969427732854
3.844075544198009
3.895458653147075
3.3869783744002993
3.9287873773505626
4.622202912178439
4.095449414062513
3.559005719043788
5.6623280628166
5.399009478515495
3.3805766509470976
3.931953983481981
3.5588976593561994
3.6718105930499543
4.916584267476239
3.4429132013822343
5.63021368321409
5.2484684739177325
3.7922385546576303
3.483432434865724
3.9820405203305094
4.646605029550177
3.7411576975573606
3.5763079199676273
3.413775336663495
4.807593791585871
3.6177785250231906
4.537529246207687
3.3883383486702146
3.920720735230429
6.00622673040411
3.5578232044062226
3.5760630328782517
3.761634694286943
3.832367899701034
3.4156628756403324
3.452269996090454
4.527157332061808
3.487581983496548
3.938791028439059
3.8462626005795415
3.985650147413505
3.5198486042375796
3.45489643145221
3.402635715741397
3.7876040464653027
3.421315136074023
3.6733139506460155
3.350695022580239
3.370979212857446
3.7453775138543053
3.9169460808381125
4.76283032775453
4.570802369730486
3.4064570070080924
4.628026885829451
3.6802884702747027
4.020465708887059
4.705626890539959
3.4313632364825253
3.510533743103368
5.413097671349734
4.152114340319148
3.702247270515112
3.865424444046359
3.8713949433647796
3.6627957517967484
3.7972979795467
4.094327527366501
3.5334842930557757
3.9011021954675886
4.010730793430588
3.810035767371468
4.129230930849466
3.780348780636689
3.3911398111527897
5.019880834162624
4.1091923780148365
3.6696872716835656
5.421512422885619
3.5508832126002354
4.079278651926666
5.365103401805372
3.919023431767171
3.390998514393397
5.168605066491958
3.5133472294542782
3.49508213253468
4.356842717371501
3.886640596642242
3.4651852283823557
3.7288271949601377
3.7088163756877375
4.640980007863364
3.407630350635251
4.3892369419633175
3.385549012813256
3.3829018060574274
3.729112371462789
4.250801064568628
3.985818248875635
4.108272166439733
3.4324440981171738
3.6767098137583396
4.258380491048837
3.585323963406114
4.781101895756794
3.381605900589585
5.082107585364806
3.414952960422236
5.272743975011021
4.752708275829272
3.9257614793521216
3.804986152812233
4.569103927175019
3.900423182028058
3.3850128313244823
4.052462116931998
4.1127487072340845
3.829675969015107
4.030012967827266
3.3550354869749652
3.339447306901528
3.4331403050605047
3.6250393428574466
4.576382799140391
4.129820221155268
4.886067044829174
3.71299252326999
5.148350178351915
5.075530120937281
4.638474462395147
3.4065395305007438
3.8821585207955605
3.5488493056276647
5.118350392033769
3.4542336590574205
3.9636231972490243
3.473866986920569
5.560826253958268
3.458116019819072
3.880504141594497
3.577080926467466
3.462954247353254
3.455430357883088
4.5036784525512
3.3920534888257934
3.4206609517129634
3.436124368899941
3.3354569735653494
3.3388117321451825
3.613082844953306
3.9080892029596095
3.7589310891441947
4.243717357373448
4.252786785647105
4.184465333783748
3.378352256275619
3.9918624772220594
3.9345664199169974
3.4757247130367555
3.3852578457301856
4.049519658531206
4.598914331104755
3.3682339565565678
5.534911758699203
5.149706473326874
4.905469613330759
3.628280811058273
4.062036430017106
3.44703112951211
5.789431674775304
3.364631850835007
3.3436161159706557
4.166432455641174
4.622081177346955
3.991241942046349
4.976976627575601
4.490709879607428
3.8622881194396985
4.419607838637182
3.702715592167187
3.6839177907735348
3.527986735678282
3.639836886939019
4.527688106713161
4.23419332102203
3.5450772206621908
3.372335773000695
5.923895991953231
5.497628978984971
3.3883652502957604
4.245093370231817
4.649737399888594
3.5399048962178297
3.413620836038733
4.670576192900747
4.423756471312055
3.4070396449367313
3.4089613576367648
3.33031607662868
3.3367136441721588
4.674633616034461
4.858874795311386
3.4855686160545787
5.187683663651429
3.4374866996591233
3.5560623801988007
4.113408892881796
3.7617406104881974
4.826632679193221
3.77760486269201
3.5701183625049078
4.291614325024842
3.7239453429860854
5.784035682755894
3.3792171732845953
4.287600811390922
3.7926197908440447
4.0291449108564015
3.9472124840223346
4.912056678311016
3.504267110067326
3.4578347622535484
4.241622853754646
3.641585125272562
4.30346156412912
3.509894192290752
3.623164203973739
3.7296567926401027
3.806250409183372
3.6727542165768403
4.0807381905132205
3.51592654360591
3.5526429887362383
4.116975726723633
3.884923320880395
5.672239237609869
4.6766897838762596
3.390984298724548
5.0090211329200764
4.521538224599241
3.4077898519930065
4.0590098136081405
3.5883866631355406
4.500592264247981
4.403559242382862
3.5501746092535402
3.3366114522028347
5.447324949792385
4.4084438210175945
5.897865201463031
4.947114054467178
3.9588288365120166
4.383836139629301
4.228443595296223
3.543510154199879
3.4790269991493776
3.467477717926398
4.467383103943785
4.0029502381760285
3.836270348595469
3.8376867572353968
4.879225338209089
5.67749521923951
3.5328160478908135
4.313382573320489
3.732391096785449
3.4857940750309195
4.11430064861603
3.4778753095421893
4.077190008466618
3.7367511144414007
3.7192064306718873
3.9863644694680413
5.262503020254508
3.787942533811802
6.191755865659753
5.021910857570811
4.442907524711216
4.004459980721394
3.6772729176907863
5.255047168778532
3.579612552549204
3.806832818790169
3.833167401825403
3.91265541195352
4.409484992397613
3.5583797892413593
3.602239671794364
4.2698652416565315
4.114816611603191
3.5449922188797647
3.9453013833900417
5.262210050862363
3.42570621712527
3.573761439039588
4.044741901613008
3.6808054453421803
4.379493507872329
3.72836368092371
3.4637466370792183
3.8135755908669244
3.314763536079238
3.30131350913024
3.301445936225103
3.3037266465293227
3.3792889112910367
3.4024130845221894
3.3465423015829887
3.384431468197867
6.125480462588576
3.608534625351334
5.277015314450233
3.529183175599657
4.026385518880211
4.642656790755673
4.240292719776772
3.7871017031517216
4.259668819958528
4.307745106090198
3.6402393430529907
4.918165623172659
3.3408350875308486
3.8761692205921627
3.5066278732830396
5.295824488616311
3.6043445263589113
4.989975371861501
4.8874055025998455
4.0663238654342635
5.048892732842861
4.466721877864092
3.876399113514215
4.827374154789974
3.553421394960268
3.7565784209651674
3.4549128238405764
3.798963675723118
4.616329308662454
3.306680532289022
3.8231312537212574
4.420004795182841
3.789985809690621
4.22395330137766
4.986902557370178
4.148467913908459
4.085448060534594
4.38576323779184
4.495953613674731
3.5110771100585922
4.440765548305099
4.4615600235977135
3.5627922845583595
3.6459495500668853
4.803258284103545
3.6451387845532555
4.896973653451026
3.421918727346609
4.120578645948174
3.9547366538080455
3.692616622335702
4.198811200168057
3.3921340232512733
4.660935239803889
3.4290885037755086
3.4338652980185795
3.418057101588838
3.835980787657838
3.6880995637272678
4.0005876825876605
3.688161111381257
3.6997861420126497
3.441281087592784
3.712347950620722
3.8152737447898115
3.667894099949299
4.44840809839752
3.486305305370244
4.261438030724852
3.454475419988483
3.645162572635108
3.500927543033824
4.951923600179308
3.6219903632387673
4.456071331234362
3.6320515828125353
4.9014439893471184
3.9155425960515657
3.860834085609447
4.795462278614956
3.6571768653021843
3.5230209765758653
3.352491618429401
3.377710583745349
3.3789860387007846
5.657772010412959
3.439517057533764
5.348284534660103
5.505353668634209
5.804977607227591
5.50406027757404
3.6480176670234865
3.623220372489678
3.604301942919512
5.3665189005302745
3.3122947034657315
3.319785221823396
3.3664812374180633
4.237564087298621
3.793499219346783
3.8283912616780515
3.587981966385157
3.8508213278234256
4.47569929985826
4.0865021218125595
3.5299214130804177
3.550108019320702
3.7969273087268323
4.059592690822576
4.566286782642465
3.7206121115400688
3.7857596874700437
4.190674523207311
5.289840534164789
3.553617502828587
3.8177458517381653
3.514378944998418
3.661944683509427
3.3757279608632413
5.733179792234311
4.25462911137241
3.9500161550299833
4.098248614367426
4.268442918517359
4.067885596695712
3.7767219450076897
3.770624157879114
4.26360182324955
3.805520663296637
3.8258175972009276
3.6907961856486837
4.104789431167177
5.047671935411504
3.9459669012602623
4.580613977349829
4.605402991457721
3.3594804267210305
5.679260131896045
4.017184523192946
3.4041746682684835
4.843105764667551
3.5549526249499226
3.3904352076595035
3.6622762431392997
3.54293756166864
3.3553038306477747
4.011345513720139
3.5631036867401016
4.236356640805514
3.8011176911884625
3.48416009275485
3.658422275368954
3.524932893755799
3.5240947658418094
4.672305930974263
4.827357167512349
4.216082059262816
4.646485213116045
3.409388639069749
4.079435778774714
3.3642283587695965
4.046210248325773
3.7885013185030307
3.5874817249109396
4.9449687740762425
4.664975415232602
3.429299277634458
3.692332995942623
3.4115467908795227
4.531951268954194
3.4429469712974514
3.465608983722384
3.3605979720118127
3.5313140771860887
3.7904992470193424
4.820177459034419
3.7491150879267723
5.174501909270234
4.267482494739203
3.7777329092882983
3.9005265667519122
3.647287207802239
4.070846370364976
3.474888504504988
3.9362931730705935
4.283892356389266
5.235054671995924
5.238252246520358
3.7561841160421388
3.5777129387071285
4.916348469495609
5.0111117601521045
3.478410330973924
5.521825766096834
3.755241679917273
3.610691209345455
3.560148504070564
3.6924671873608794
4.382025669963245
3.7787439693169245
3.68325663906728
3.5875079562211334
3.7065637529074382
3.560574480733015
3.412393250984301
3.7592697622947098
3.9749201306292936
4.25205056018718
4.495089740105129
3.632109830543466
5.1584685085764
3.577060187203004
4.130578548318304
4.172784469802803
4.171418049426656
3.6788551428567806
3.578717831633968
3.437566514099693
3.3503034612230325
4.283166685549841
4.937807886882265
4.164316463527852
3.752930278521326
3.955928511134279
4.070638388598747
4.526304233370255
3.498310413535159
3.3677737307269666
3.4566411019849435
3.464006091663022
3.8984095535094703
3.684734062126264
4.513924079384402
3.4725139186650766
3.3881795400542263
4.667008997952977
4.11320705815506
4.51114112051035
4.376997657549478
3.61486984815139
3.836198210169508
3.5177387809956144
5.10335354312891
3.3497879002782773
4.190675405596059
4.955420764108919
5.025475972658236
4.170103429280409
4.334858626739079
3.4807255411335345
4.419131133730074
3.487571228536997
3.9194839023450405
3.5911768179407884
3.6212301818103345
3.505716897729622
3.4713561128163324
3.9090187484970724
4.443559930234155
4.50493124438773
4.2150064458947725
4.994064756002129
3.465912379280097
4.487146680799121
3.784805127966606
4.115602591684876
4.262579166134406
4.583800903792289
3.550054181975038
3.3978817111941826
5.878596732955538
4.263394726593191
3.794759914561048
3.4410044158414412
5.662432549478456
6.080842563106572
4.278055884506072
4.514724411763294
4.08553433697034
3.7720645691948325
4.064957268085163
3.384708398129201
3.4521882210216734
3.430916547591253
3.812607554930629
4.326077744519084
3.7554821963054668
3.471603344334394
4.625913502077745
3.8168464854698505
3.9879078316502423
3.4839500313518714
3.788294477960987
3.8835559713669605
4.282924457777028
3.3872609468866566
5.234048213145033
3.4868117726283563
5.202705939067494
3.571362192159218
3.4564444205414246
3.484883468801102
3.5295886668230185
4.554028982368176
4.206743177199294
4.311949760156874
3.891473168166855
4.280193152387503
3.452000469417293
4.7404110239260975
3.755747655244454
3.5152478442174173
3.5690358084977625
3.774142458854389
4.273258671060556
3.484365870222823
4.636237284493928
5.698206391355889
3.4301516349182934
4.877459737740374
3.845294721461309
3.434899314673358
3.563190432499807
3.4541174298241195
3.7515517356247985
3.920452164517729
3.47321187206957
4.315510708686404
3.601434036922194
3.3798299641667913
3.4808044792681563
3.4100598969372324
5.063153587682216
5.560253427246522
4.253461813402114
3.51457907179951
3.401727272818423
3.8796818239574855
3.5163980421871126
4.057876080908314
4.139714428284057
4.993591056219917
4.0465688635701325
3.9232228107063616
3.485951098209543
3.729418610464127
4.968778827480315
3.8447757760740497
3.7524601027023894
4.794109183539081
4.064445028090679
3.4089374458634047
4.12077953676342
3.570563039144987
3.4939756862378215
5.314710027989571
3.6772984457407834
4.1775723355578895
4.953397606372677
3.6626073081334263
4.90499399925918
3.6659108862073033
4.195179494368028
4.274045752096163
3.5612871232696235
3.629273404938012
3.4177774149216447
3.588460789658164
3.665459132270928
3.557847382374009
3.861962429636897
3.7592827811176113
3.536875839822657
3.4699991679840285
5.267562090150055
3.670955196978916
4.801643320841018
4.092454311793362
3.3561150286485066
3.926707205782104
4.970432389032808
3.369709437170309
5.543698879377981
3.406839595143368
3.698145551473104
3.3901726758132407
5.31369955578127
3.687134640494086
3.774676681615157
4.419787128111541
3.6124670278281226
4.013737135849727
3.696963261655306
3.907872224124204
4.007242824985873
3.8339135311950963
3.8339135311950963
3.849914823033004
3.8113816621389014
3.988201604189657
3.6072230028359478
4.294364733427928
3.8366942948756515
3.7694630221187277
4.065404327611791
4.355819520982092
3.998877477519997
3.7021500206392086
4.043278794796868
4.195384989166124
4.278114070389021
5.204534484263713
3.585141661271829
3.7930665630897606
3.794309068597708
3.7481154099893934
3.757868023124159
3.4830503055714983
5.1259641253728
4.424727468423347
3.7738771710934036
4.196085198738137
4.238851652658364
3.6654292595316145
4.01672996110131
3.6273023746347586
4.222473358911724
4.098989381210452
4.8498060859731495
3.9360755920876382
3.8768000495209654
3.456663674206939
3.690773759682468
4.097547047689483
4.4486970605400264
3.741147833442458
3.599438117747019
3.705715361430501
3.701196015036273
3.553691083987899
3.722873504489478
3.4171112258196854
5.561743305776078
4.629536868078592
5.496339466251954
3.582104570633506
3.661812788996311
5.118375789694821
3.348820830420964
3.722148518769891
3.6289004133073433
3.5320928500218463
4.147329982660907
4.225313834459489
3.9825922592390133
3.547804314944396
4.30044909845242
4.247514221093215
4.681988032300623
3.999446489505439
3.6303605032384647
3.6135458035943153
3.730609070606569
4.214505387605042
4.993464753569104
3.4619024222652595
4.019249849744309
3.5732801396182357
4.630344224585399
5.343361726788182
3.486801351826289
3.428655106121803
3.7032479639731615
3.6414881458417296
3.3763786988263407
4.439900532415095
3.935280396637447
3.7343740961323295
3.354346651114009
3.458162494136821
3.868054315603417
3.9090994413735443
4.172803146233354
4.051952828560699
3.9900040286458935
4.310754585104933
3.6424349777719964
3.5115650658418067
3.333399465363857
3.8428998818033024
3.8613420625257224
3.6880760841187334
3.930763066718489
3.7270642092142308
3.4017034615722284
3.3646990783292017
3.3085025436692264
3.311683996003179
3.305586316978535
5.0243956742948965
3.423717127169383
4.318894225156807
3.360293174580322
5.373343807331279
4.792483304285749
3.5714044897881196
3.7683894304578773
4.591188613982446
4.108460515674796
4.310919888279082
3.866723051950918
4.9775318816247305
3.5212485132110394
3.3689584100828602
4.370617792576017
4.217055936012269
3.798682653906617
4.177704994364101
3.5173682976498992
4.841872517437562
5.228532489925099
3.4836238429865958
6.136054865781814
5.312088056369224
3.46314927444759
4.306884201584488
3.3808034516075636
4.618211114380717
4.131998835707256
3.707843065427328
3.4103724515918628
3.517102012849441
4.257239837015523
4.773865080098178
3.7458933231983136
4.146994775023409
3.7612356804207643
3.407444049117828
3.6205715058195826
3.3138702433963494
3.3754024200913366
3.582483036970231
3.3294955438829623
3.342378652269667
3.4966980843699957
3.3597904441738797
3.4011967300501107
4.618232325981054
3.6035259236004498
3.4118341843150275
3.772727829838946
3.9213322859302235
3.7074779725060827
4.807408815222095
3.521201965474781
3.4240108405241725
4.7292570010229475
3.530983443676167
3.4205238573713648
3.8091050034304446
3.9755846546327693
3.8674806152245007
4.0439618007323475
3.3727963050073564
3.382189681483142
3.387983210275885
4.0499952613352725
3.961109226298705
3.4539958406191342
5.056953702808074
3.9830578760094673
5.700819711911772
3.9170754670437717
3.943352629916692
4.3294081848517525
5.3815948667575775
3.3583391177650057
3.6048927192484
3.6622236021226273
3.552244643921557
4.315664681602258
4.365590659920642
3.402198856915605
4.920774211063673
4.577720671466627
4.972472860531026
3.63553176326334
4.6399791622312
3.9128480573706033
4.0837100199614325
4.111158703843001
3.463933612862581
3.980509542881188
4.487781267848744
3.7740133206747317
4.359461863348013
3.7434270083324126
3.7087459558731304
3.5053321554190298
4.11231300024563
3.5183946259943353
3.847293073201352
3.539573428934008
3.6177637388136468
4.977772929822659
3.9239595842149586
3.88081206868715
3.6916940561042937
4.15675114110859
3.4120429800502405
3.612584308017202
4.512714599373785
3.7769830372376934
3.6007318291448875
4.87136025195311
3.8507249844564737
3.9818370205513043
3.7816762481466064
3.4091739548045172
3.4736189682450775
3.4874587744588186
4.348393157592798
3.877298325167718
3.411309891209878
3.426442952368124
3.4519994599762347
3.570562743654798
3.8352621048896784
3.5242828268751225
3.526864239907991
3.400276212059717
4.15181201889121
3.5091699068149804
3.5823816696898843
3.924366339497331
3.5361080926484876
3.882132905665314
4.952056492473319
3.496619430985824
4.802114580461913
4.485776640127013
3.7909961899660622
3.9904698606420177
3.7316406396261916
5.054060888478436
3.7165817339128173
3.644691549058347
5.346296986099436
4.241713998158097
3.5149173418238417
3.771254872468121
3.465441345589106
4.618006690240255
3.325826368080227
3.5977685321718704
5.100633716043786
4.4976168783414785
5.289798433129457
5.275593757154177
4.8373368031539385
4.631260497220907
4.2166007016997815
4.156986013544208
3.8205560105795793
3.49918995820045
5.21099904879525
3.3950350480926543
3.4085406112167123
3.9279865591586036
4.183473397602977
4.25040451203711
4.41414565118294
4.436525871418399
3.372675945176169
4.583576103257436
4.314802140402113
3.548073074576462
3.779581601877467
4.458585715621347
3.465594723685239
3.812707797210091
4.332791149699641
4.198182736718405
4.074921335138262
3.4104622076137123
5.251363252958841
4.664835672736089
5.598813804645891
5.007299588829012
3.418281747170355
4.022716988998172
4.647705201758069
3.6617641121626523
3.8321534318356365
3.375677450207769
3.9667686445472006
3.5681010834307685
3.3439921577772287
3.3327232811285317
3.893938486714644
3.380807252720437
3.6646546798855524
3.584331586125591
3.418903679260824
3.852804719899074
3.8781080112638833
3.5137707310446897
4.57338788410519
3.489790844212995
4.2997019020303515
3.4100411072702417
3.32937485723575
3.334031862027138
3.3358298041745824
5.2793986435346625
3.6970766606776673
4.093867233506354
4.15757643317545
3.617015787574001
4.78377001813511
3.3572504585196445
4.6969906643115875
4.106298243586714
4.18752276554495
3.910702065412786
3.4332319081365315
3.5722422499734314
4.135567275615793
4.129495756298391
4.461084172509627
3.7132487753838834
3.6858541990035967
3.3877466709716932
4.508226963874
3.859262248116172
3.8536669322138124
4.825862686036517
3.762089048454322
3.3941520911721392
4.854951957460031
4.465069893134995
3.877028777629193
3.7107363217155713
3.5552723474770156
3.6426043491171134
3.637926926795446
3.631974982403099
3.4556997927243165
4.586614775790485
3.7914335968714896
4.62544061620943
3.475022731904859
4.864798752547083
3.423184024290319
3.6015860392726524
4.663964533146988
3.5955481964950393
3.3481859117684554
3.3156288931516205
4.150003608799733
3.6332676342622627
3.9438482321900663
4.560193145987989
3.4134635080896976
4.253529546425012
3.440064431350737
3.3597832555162688
3.374807249212832
4.190510718108752
3.341564822956702
3.7337583314407246
4.539233502968246
3.933359115482141
3.5633635045252294
3.873062926246309
3.462458666932151
5.94191681355117
3.6087515940143993
3.3693571175958836
5.625085641933701
3.485032132216268
3.3821841911675152
3.9548969851884745
4.952845780168885
3.8378795057774813
3.8070141623518725
4.4531576971508295
4.763115574347762
3.589415999201581
3.3636335563121063
5.119898082373586
5.248280899356273
4.744035389878591
5.113795739389297
4.228339338072738
3.6311500037430746
3.906877711601632
3.9297413854080827
3.5846121792903225
4.967866800024371
4.95873257823227
3.896053285257331
3.7138502414395314
4.835434372610805
3.3428287326367347
4.816767952148906
3.6023556770231027
4.24964789068147
3.4763673706230946
3.6732009323171306
3.5645853362039066
3.9539921100086977
3.4808499335614345
4.65705589261967
4.9316323531604525
3.5531724815369654
3.773022055142239
3.7638858279436445
3.5490433589108186
3.6475729164132242
3.933547459607208
3.6648584024971367
3.8554361627923006
3.5668254518952587
4.546824245891825
3.673207176257704
4.31562583328223
4.484844032613521
3.8867259041023403
3.361014178041124
4.29251085118069
4.466373730528243
4.961897822002248
3.4071445782216943
4.940718236355154
4.375121497911318
3.438661160104189
3.484686592516091
3.534679633901275
4.954429186271462
4.662694025282241
3.9926063176517372
4.312649937157121
3.7817985275619592
3.5285220593346898
4.0152693264272035
3.9686902899359544
3.798453223295476
3.4267225938188317
4.0621370684498395
3.3642222189249624
3.7766664388000066
3.398900776236113
6.4178173379819885
4.539636423444488
3.53916901733618
4.578267492271167
4.653291741561438
3.9732487905386504
3.6148342615823976
3.749540011633925
3.365066511435419
5.820453572835236
3.3416135793378867
4.359463695568234
4.8817233343642
4.199354432555925
3.368689264414832
4.080200305093137
3.694619165283357
4.02518339247441
4.8453697574982
4.930316987110206
3.9118192934251415
3.571599175153177
3.4841214193105667
3.4175283728228916
3.442183215988567
3.6560690496491444
4.246026097350683
3.526636101872378
3.4873019366337985
3.330984737993553
3.3058415521295066
3.3056542352065095
3.3066362431630214
3.3055971851728856
3.577129367712921
3.443469084860403
5.6726343547412625
3.312845997851066
3.32570845905129
3.3206154839897257
3.3424341524814625
3.4044132637577924
3.8201514009947863
3.48037408004994
3.4654362398170284
3.3991556592131023
3.386646834546231
5.554730794548443
4.685398912729238
4.2703200975851345
5.885658709812027
3.3212556776674607
3.315578350581374
3.456571186248809
5.420276992650569
4.072031497717395
3.9245094812883874
3.920224488413581
4.237431449001209
3.4390378807789563
3.5124727059849574
3.8769043457875627
4.92276634444404
3.545828510151412
3.47894847863824
3.3731822675343945
3.3821435347366595
3.4781141007158003
3.6181294448500423
3.388070681502472
4.334119477494788
5.139185415245888
5.275606025373148
3.7539712079605922
4.3138148675144405
4.18028489808564
4.9515971616883485
