4.377591043415627	3.617859131561924	3.3772070203446938	3.368146793056763
3.748244634202421	3.7744377021856117	3.7479831290701187	3.3520223797689246
3.319295575740579	3.7744377021856117	3.691775347411696	3.418159410838897
3.407867424266617	3.4972042098868945	3.3397367456957543	3.5041007790397174
3.6242418341288456	3.7530754633045484	3.3479645962319693	3.3189386835304804
3.7497927606146275	3.8872469153398455	3.3445044138001903	3.4298557224153834
3.450509533617913	3.3651078984130685	3.3456859191843513	3.3823263020168755
3.3970304789606764	3.367345471845798	3.398684963568839	3.327851653768896
3.6893665880893733	3.438956675769844	3.3489232214722775	4.272267518711442
3.497872058679941	3.32467126482855	3.3529832043965735	3.316834642303669
3.730998377893143	3.3457785154467743	3.539166903125909	3.4195189510733415
3.5781865522148157	3.3267433263921795	3.3265124813662625	3.356944662961159
3.736048361133165	3.3311128916888926	3.436210523088567	3.3979023061833016
3.2931545311194155	3.3727976048334827	3.4467934879362883	3.358821055353628
3.6122048697797604	3.3673289986789685	3.440779666863137	3.284608005468151
3.4380314846983073	3.3790379530174572	3.338484424648299	3.3801743174664804
3.7400439130023218	3.332074302085601	3.337323877491759	3.395145559091309
4.968215664274412	3.4325331563980352	3.352438521061241	3.4839253262173084
3.406355046728539	3.3784249638735493	3.3765434950860143	3.520049704238668
3.4055945429777204	3.4641140313496472	3.3369621213254455	3.772002754660905
3.5257751932392667	3.413738255396124	3.348105622285636	3.411175455970367
3.3739068354750366	3.3986475496188584	3.3838705933415865	3.3441645491073952
3.3273795785204	3.367069799002942	3.38896584477833	3.343354071960743
3.371937397721822	3.356047401915904	3.371586444769633	3.360958021037808
3.3275336574124967	3.4190507042787477	3.45163496414585	3.3721456528481895
3.335176235183191	3.5472704640390047	3.812255988075415	3.388206084617954
3.360138170858109	3.381167312622124	3.366966704375887	3.3936987158862215
3.3445798181497373	3.4363219653988537	3.764837809744546	3.361542049824795
3.3436649782898886	3.5918055310446353	3.2888176981941255	3.3773279149308704
3.3597346228223586	3.533972713702676	3.40555859050282	3.397481881665826
3.3622328805758888	3.549663105071951	3.361992847680379	3.373048530901145
3.374829375498161	3.549663105071951	3.4028104517131856	4.05741060463502
3.3878752979214655	3.6205752651929877	3.421765091404644	3.3720428001193588
3.422792707045016	3.5170518255882275	3.438075172667617	3.363551821866144
3.355733102080782	3.5170518255882275	3.373204537654283	3.5448640119554273
3.4158120673926984	3.4610586938006	3.3592892991239074	4.079181127563449
3.362296925643274	3.4083948337941914	3.44198419192077	3.4598926538391064
3.3180931596535723	5.644047741598706	3.338495815969444	3.6336373116437843
3.341339803828914	3.7089122806912367	3.396926113898309	3.447539545687603
3.375626069502519	3.4034800260680447	4.5326332483916465	3.6720663444914683
3.3560178379091847	3.412237820130728	3.5979612939616827	4.695388999501168
3.34971547354679	3.354253019223842	3.9360541867290473	3.525844922881872
3.49877276864796	3.336332970320815	3.3329730113145937	3.35309917105216
3.9506648679104583	3.387918094325236	3.3649317041408695	4.543589506059288
3.4769499365189116	3.3225552573229127	3.3558693924708263	5.490134432558053
3.547606793966174	3.2767521405371705	3.297589040210166	3.489007750772495
3.4453254688776074	3.31365630959137	3.31902665311557	4.243191350097586
3.352263465155804	3.3141799440279747	3.488470685362531	3.2943453128372147
3.582147660229708	3.3268620149044548	3.382477574759464	3.347650269591819
3.5357181901567625	3.580369258095094	3.3882716231139587	4.4859423444157684
3.4326499231611862	3.3715368858782244	3.3855367660038254	3.6947792484346
3.3891320835274388	3.341651249532102	3.3299747927919694	3.522823426639669
3.8500037451374465	3.418944687386677	3.5291507489962783	3.988758417833442
4.403195781318905	4.133431234701583	3.3422549141668405	3.4113867237525914
3.5874201099117626	3.52025327824892	3.38573001949879	3.272728082010545
3.4837600687417076	3.3322307193842264	3.3589032273334283	4.48009357988931
3.7857695437336645	3.3417891090447878	3.3761966418463203	3.297317757457436
4.06240863383417	3.3216886931757186	3.3671029087227904	3.7429083657486
3.529907276519198	3.326445391235052	3.3484778080117787	3.3991048146636613
3.631051342412502	3.463396424645685	3.424651307915715	3.504364277826629
5.470711237684798	3.8910471833887272	3.37531596770427	3.3374877081874557
3.5523239714960244	3.5669928352022247	3.3896714475073724	3.4190933966578783
4.024822933143284	3.495380033421305	3.3969174201643844	4.054489866700308
3.3667233666150596	3.5022917250812635	3.356757156000186	3.336750241301976
3.4373794246804774	3.3369386335506483	3.352393885580187	3.405740886666379
4.0054508015331765	3.3369386335506483	3.3553447152699682	3.3554121644815234
3.4466910302509497	3.3369386335506483	3.2938481698211373	3.3950162952273124
3.565944384514523	3.3369386335506483	3.337551442131591	3.6286917648856134
3.376171692908417	3.3346629499301117	3.3319192935666955	4.5668029257130085
3.616456118458143	3.4489043523348006	3.5064829619356095	3.3343528377612217
3.4622146998304983	3.3499337702789123	3.3392286787623515	3.3668089966257293
3.901939917954829	3.422984220731735	3.350974383218398	3.5278261491930745
3.5623216534887936	3.38498139701509	3.3630497857800563	3.3651868921501715
3.5881623165954775	3.439276681813438	4.01017935884411	3.357397035253301
3.401492593088732	4.732507015423573	3.3299294736444214	3.3218807152924743
3.399386490911002	3.378758301267418	3.34759900052996	3.347415815490792
3.348784032311626	3.395797095746107	3.3578479447541296	3.37124370308665
3.408430531849212	3.4332318590576865	3.3549361325702	3.399693318435805
3.429706797987871	3.4198985612832304	3.3238130562885733	3.351001135513573
3.3669070063445043	4.284618640970662	3.321912567465878	3.412971872629535
3.3627293291678644	3.4706085894761767	3.4853461324064927	3.452605128474888
3.345847750571715	3.427407879455938	3.3394196539372683	3.3252429725137564
3.355634039812525	3.3765079360676133	3.358223304318372	3.3121078230184806
3.3816684318219465	3.3856605066280174	3.4083622062631074	3.3099616739969013
3.376491751246496	3.3375086263151585	3.5000802977389034	3.32340331708976
3.3862687406939087	3.33384292640749	3.603331169222784	3.362505658140851
3.6841697976512595	3.3419481509768767	3.5602772789829236	3.5273094096838187
3.3470484507297833	3.352242931303654	3.33583506012943	3.3377374936702084
3.3298507123719476	3.3645248975771374	3.3384027660793114	3.509836064531516
3.3250364858850654	3.3811752452707475	3.38568979508491	3.3504311241419726
3.5270824820365627	3.408246537363263	3.3395486500064973	3.3571762631402073
3.490482985264543	3.340761033733057	3.3468642362383267	3.3429882428768183
3.3461356735394405	3.3490113640395616	3.388136228028867	3.4462741071703
3.3447532530774176	3.2913899387993255	3.3578829068632103	3.3574095200593836
3.348660728441573	3.3355567748138424	3.9400530171935872	3.368054676437924
3.3808074685581455	3.370792665915369	3.40181464774738	3.4319898781046767
3.366291413371022	3.3536183225357328	3.40791460546079	3.454816688680108
3.3335565993098006	3.3420567270862485	3.6603318699895135	3.351980715703418
3.324614146523483	3.3704124688050925	3.47626052521256	3.46913852023727
3.356434466883489	3.378054241893132	3.7984884400688346	3.3068387937847143
3.3685529799396283	3.426862379987437	3.675855081391404	3.3057759170108674
3.44470993641358	3.348212410407409	3.397640015405903	3.3059685972568507
3.329356219961377	3.536152514691034	3.331525041696292	3.2638627670623173
3.358229559693664	3.3309768240589768	3.5921414194733767	3.3022240932062696
3.347722641350445	3.398486254703853	3.4290242060596046	3.2725097859868892
3.39105232020382	3.341271340597175	3.3327306042754046	3.295091555215743
3.3566607205026675	3.3564045970154712	3.3910847394674506	3.292456592043897
3.3454915732507633	3.3676771119627573	3.4306628012866156	3.284716329217686
3.3908017574452995	3.3570655126982745	3.3583442435648743	3.3072246949645403
3.4047007010401344	3.3392157578757398	3.3507246434624625	3.364638633692832
3.3792044610900756	3.326690132715542	3.305571219964501	3.3463188865733318
3.375576944358786	3.387452547474152	3.3457447896142436	3.3827980319367557
3.3641101658749797	3.3491428458767594	3.353703405119116	3.3532022573218403
3.35618723168771	3.3376861856926396	3.345206914915676	3.360839769814871
3.4103468693995778	3.3486676169902077	3.3565644868853832	3.368809436512044
3.3848033241977395	3.3370594746820395	3.371412092464632	3.4042525773651313
3.9054610320645864	3.408213704808456	3.3257000304839512	3.7968070369930587
3.3227918109161574	3.3545038417286364	3.4588042483501935	3.2848321047458673
3.3507446870874764	3.479573634199043	3.337537884106707	3.3452783165516675
3.343327571761124	3.360055503403459	3.412058357711227	4.45772643240889
3.4248511321532153	3.433284625307625	3.3302514949514546	3.443281034587146
3.398852681200089	3.420615730570649	3.3665828006404013	3.364528995469847
3.305730542664323	3.367789625054788	3.3681808243380846	3.3927897560089813
3.2840773726784844	3.4171398830221396	3.3604009206731593	3.4760386565535177
3.304816176002804	3.48284269843397	3.3580628992278743	3.335250061210939
3.3323515667088133	3.48284269843397	3.369630551165544	3.3906086266104407
3.3770745183775075	3.341633512715692	3.359225381918442	3.33415234193435
3.308316715268577	3.335985615347775	3.3229243120185052	4.22513284449756
3.314346411809036	3.588601975399642	3.4157922441190918	3.7286357715928973
3.3413472830810074	4.104016297352116	3.3464555718751177	3.9522718846766036
3.3416191108659468	4.8089368295950425	3.366151926879332	3.9174962017356014
5.093830983512334	3.2908885315161625	4.039254172054573	3.364050154541292
3.3840375414107555	3.3714432466196165	4.190148678306691	3.4692639720556055
3.3378684994665084	3.301766399512764	3.5145912913893174	3.377161046700304
3.323552913952011	3.655116795309696	3.531696651800579	3.379337080778202
3.446169137429007	4.181663415932944	3.6793654298451823	3.400512710628049
3.3509519868494415	4.77007400810866	3.9428922190358495	3.3693247676344384
3.6938979795363354	3.4103942084804317	3.4670811296719544	3.378423176782377
3.3537214737243075	3.3634838696072427	3.449912987096237	3.369519633734131
3.4307080283265705	3.3476386590516936	3.414937736939923	3.389374504361148
3.511006125435028	3.360943600584215	3.3979243804561072	3.3667866209615207
3.8675974283810373	3.331138679477051	3.349851195379884	3.422980260044892
3.4176186718853194	3.3792274245838323	3.5433681357666416	3.357051165022069
3.312366501840392	3.330743015386833	3.4810075165386665	3.3358799234106096
3.5101948560491643	3.3536966700734765	3.427230456914064	3.3403118729645986
3.485956539608657	3.326594202999355	3.7881806933885307	3.305664961422969
3.3284701909723395	3.324128066967161	3.327188216241983	3.3730537889461276
3.348171033236186	3.4645963561069806	3.3396174854843377	3.328237617843574
3.3674155485419845	3.3155716622568896	3.384110731530078	3.31656611335551
3.4198297582352506	3.3157319134560597	3.3960171578447413	3.323377003458709
3.3601880803812314	3.322496420722838	3.425128651007254	3.3248178912809383
3.325422091898875	3.942472144387634	3.3809086588480532	3.4355034066559194
3.326497061218686	3.342616150884157	3.328517234009001	3.3590520333531915
3.347665229774096	3.3637024724184097	3.3911103348999836	3.6280237714595605
3.5242366438808235	3.3535950067620854	3.4086595093547634	3.324596575204245
3.3789851115238907	3.434556908335817	3.4268921660334195	3.3672437214313558
3.551159240516359	3.369542687781598	3.327477878529071	3.348699847391935
3.5976046331539124	3.364676776449916	3.3627159990247417	3.3361174199931716
3.415846390022103	3.342910305923245	3.373280961575712	3.336542722402494
3.373005500316202	3.388100480938534	3.3390761300949348	3.4889943585813072
3.5279076188808385	3.3693629665372438	3.318659895832816	3.343236275643717
3.3305132924270735	3.38330542222832	3.36505651910066	3.3508877381346878
3.3325705714745046	3.3545697295873556	3.3458966095442477	3.370759197159537
3.5447495070208133	3.394487859558303	3.4080106628536004	3.3548814662210873
3.330311160009105	3.3737745503490735	3.3369212973316875	3.3777314532352176
3.3228921341736126	3.379752070846447	3.3202110179772877	3.358310306810356
3.432868662119118	3.345147943629709	3.4510221628719524	3.360719684944228
3.337317301100403	3.368750898898844	3.3500909097150595	3.3222298665858583
3.358377889356669	3.382251478989432	3.3241301341249514	3.3252718791970324
3.308628385675843	3.425049823590051	3.333565446979968	3.3661979540250586
3.3778466224135166	3.4272656208585417	3.3254967930782975	3.3315713865813072
3.373845681894415	3.348669535592367	3.32284442730721	3.92762810144258
3.540077965740526	3.3385279983186718	3.4969551478938743	3.9850491827934924
3.3731704020186735	3.3633511641295266	3.5315362614094963	3.6213391175111034
3.4812343690350547	4.8472374765330875	3.359632181191729	3.614374600655882
3.3424025744051438	3.416028372805336	3.597917177806571	4.176305461709878
3.5473329228368216	3.340683929719407	3.3216085217397238	3.3796025554068785
3.3642940848775877	3.3336618384803396	3.3210919905633665	3.5271479406827355
3.4356127491825736	3.484471768409488	3.3300369328743447	3.5817705363044987
3.4025370987683243	3.3467958157542457	3.5332633753298284	3.433507926636013
3.423315331675665	3.4287855281434476	3.3527604396733226	3.509440160094762
3.3739942923839648	3.3813182150068104	3.4208936163380903	3.8356159691084764
3.4097883977216314	3.3954711528156833	4.068930825846879	3.427653448948888
3.4183953543741596	3.350315365893427	3.3527227517662057	3.478065618152821
3.3968420526217176	3.380257794863582	3.3431552642042095	4.060756306710552
3.3345489426551462	3.3753155567095563	3.3557775087290036	3.588414671369547
3.372271032063285	3.381186113536519	3.2823449124957844	3.3758818840729803
3.3867424935671955	3.4048870035234646	4.053277523441202	3.5548718759839475
3.3477620814939604	3.445705246969262	3.57667305456465	3.5383428307495404
3.381056418502122	3.3519302907913264	3.282041684103311	4.557419032913623
3.397071657024355	3.4329302676822833	4.213812469757265	3.289924036775055
3.3737026958369576	3.331681687699322	3.369252101526273	3.3503704710086533
3.3922667562557045	3.3601673019917513	3.5972678247460554	3.292501822152335
3.4647918469843746	3.374472709943641	3.7146167092744626	4.403788286856702
3.330600448164584	3.386231692262864	4.559481247506994	4.906288007035108
3.3596733463390365	3.344415961296777	3.4293031500733466	3.4259708812760596
3.454099796080868	3.379726028121861	3.551267279089738	3.39066603801379
3.3700204732155417	3.368613773404342	3.6527729355264302	4.119896352308178
3.3669697548004303	3.4374814227215973	3.4759010603595226	3.4976104142056785
3.346223903820144	3.3451896187347003	4.7914797416784305	3.306553312613496
3.3611938776247836	3.368441893229215	3.335625153653538	3.357571203791235
3.347983698534458	3.3953943438776353	3.349534505030357	3.4524927256116245
3.3495360795130833	3.3433630457515275	3.3602683054549427	3.520729865674398
3.324764289179453	3.3997894524318526	3.431164599831905	3.575545099859248
3.3280919132232647	3.3832325279893776	3.4024578557564293	3.370860073013525
3.3102182807346017	3.336309483584274	3.3920156942879287	3.4954922948946
3.37038141018883	3.3508550190790793	3.3723458695866144	3.560861598052483
3.449454781838681	3.3675147838829327	3.3656719231567407	3.4746956728832252
3.3383525659902396	3.386115034768098	3.9482804954325594	4.726513329442631
3.371846037038213	3.372687277686473	3.4519975279101947	3.3529799828913354
3.9135912533509885	3.4647569554249333	3.49355819930013	3.552191776465361
3.591772147384512	3.425422079478766	3.384538857639347	3.4045209129304306
3.309279227571839	3.5592651753805944	3.4371068719182682	3.3983439949584797
3.4231746394820144	3.3340834798086965	3.7621681598004453	3.369000695258419
3.5845235729181675	3.3699624500599468	4.049181859860151	3.460662204992849
3.347240129530448	3.4544412336495767	3.821971285052962	3.4652315416862587
3.387374601532445	3.396905518518752	3.4279079443560194	3.370584216428771
3.370856333847049	3.37583865642111	3.4205264858527116	3.4951921505032044
3.413787397883116	3.5613925785229257	3.3538546651115824	3.4356256400741776
3.422126265432438	3.3686730796594238	3.3554365156172152	5.149396550063777
3.3625448795659585	3.347876045924755	3.3633787910528428	3.3266242932716583
3.3703043886745627	3.3242789879917383	3.37300707921116	3.4741212889394104
3.326023433780848	3.377217758706276	3.341575444023415	3.369737244009576
3.3956747076804104	3.33129198626159	3.356439201278924	3.3274769794101227
3.4299143667687706	3.3783516744543376	3.5044182492218825	3.331702025324738
3.9889341280577773	3.3318254883397787	3.345685651538415	3.366972741649004
3.8540292505788556	3.33542383667115	3.463656889169683	3.353374601070045
3.719951868464425	3.3529019278718715	3.3743644299195408	3.300960367370358
5.01877692013779	3.3719343195937563	3.396982649111484	3.356314283386839
3.4084181125946085	3.452181051888957	3.328882986150421	3.395871738683543
3.2784947086943648	3.3352686397311357	3.8678127234923707	3.3927895161690707
5.653351874066571	3.401016489358951	3.407810793739509	3.4351474028849256
3.324747930408771	3.359828093483903	3.433590385340355	5.0750298897543065
4.893547340610296	3.3524101531229644	3.596104438812882	3.3067844523479146
4.1484132789269585	3.3439773167262676	4.0616215361772525	4.032122173204091
3.645608866819157	3.3727566397998907	3.4306957144365446	3.3979300726127875
3.3383111399009993	3.3583207565515965	3.451343555006437	3.4706473572864462
3.6523070161195417	3.3486830280327373	4.28832929659478	3.3833732684972477
3.5670546862426487	3.376555616529413	3.376073991715368	3.337409935644354
4.002917120133281	3.6123484809259354	3.3610137017064297	3.316363168895284
3.553465168480546	3.6123484809259354	3.3116863597688395	3.394286550399984
3.534143704753861	3.535211097853857	3.3482410613746754	3.346907010808029
3.3481643401267345	3.381263914825511	3.346549419580118	3.377719491839887
4.104710787464997	3.9994916960922144	3.3220697135874397	3.3514314754682273
3.5373333219980667	3.5723987242427166	3.33978518442509	3.319222316389866
4.779225976925753	3.3001622137248474	3.4087689982501064	3.3189403680097707
3.362557488159096	4.307949764627988	3.3598342515536013	3.328444958227432
3.3809312254017145	4.307949764627988	3.421809988372788	3.41654214588036
3.359727548397892	3.314625197473565	3.363446560913646	3.348755513823502
3.319200011263253	3.386710341731	3.3681158757865086	3.890660397525758
3.384093853524342	3.3517804498053048	3.3252785723056792	3.35679478361326
3.3564073621515242	3.429169092128517	3.319804073064378	3.374644019499776
3.3657900189570444	3.386491259543804	3.3210993233796136	3.322611258144951
3.3159033418917105	3.497468643421307	3.3155315014391125	3.3294720208252473
3.3760771426219183	3.343871359162573	4.72937583587008	3.3537048217177423
3.3848019459092233	3.390952230556821	3.735442947239526	3.3395415657612384
3.328676616269883	3.3868548311060005	4.449280974453498	3.3580143033516308
3.3137991684850863	3.371450529689038	4.223699648683368	3.3922950921198787
3.4432341137663234	3.383979584399394	3.45967965975197	3.3446623097604187
3.575010726206063	3.3989345385614627	3.5668994809494414	3.391762648156595
3.373758005814273	3.459640634715193	3.6132915322656425	3.3379698858018045
3.3786038559104563	3.360538429876138	3.290007322069229	3.3513665329076217
3.390165345597351	3.340038900674406	3.383802947347197	3.347463844169134
3.669680435846313	3.5005383737363482	3.957627930259724	3.355994140881328
3.359457846745893	3.4222717542984977	4.609497694205098	3.3595452685207237
3.449799840550727	3.549563313310533	3.401492313692498	3.3659442240854056
3.5616026910445466	3.4291251649985357	3.5756804312936223	3.3538291572831844
3.3666097757488753	3.3425432420264243	3.393679368997074	3.349515862289996
3.4372220559700315	3.3409810537615434	3.4525743508454267	3.344786512977168
3.369586062007566	3.3828120001788533	3.6031253132823986	3.35951077176601
3.3766213639130123	3.3542950181186084	3.3998735033364413	3.3241421637547126
3.3852650381126286	3.392079835608658	3.423829883786037	3.3606751500806977
3.3823356998771796	3.316999203015183	3.3997603797708518	3.358589276856461
3.365017415386027	3.3285829661752846	3.403975501586522	3.390631650100382
3.384414545988685	3.347500431710285	3.4232785960728362	3.4092356771365733
3.3994628146370376	3.3112212089361877	3.374447759385238	3.3592875727210068
3.371754007792419	3.3875658391630026	3.336719840088636	3.4110199064699325
3.329915173667656	3.293855221225285	3.3598280504469695	3.373839981630757
3.363234950779802	3.3149008593808005	3.339666305367219	3.3212643653220386
3.340044264167192	3.371646675008242	3.380804929886078	3.5193816615103204
3.34366869535602	3.4063206660283463	3.3606779036743535	3.474888169545255
3.387909514012924	3.470888091167115	3.3761984414544246	3.927637419339921
3.343711614688915	3.3504492682056375	3.3657431415430645	3.795310606791696
3.3615349435343385	3.573255281828832	3.363130873690549	3.3345965267170765
3.3530150442068583	3.405535444176788	3.3796382322886758	3.3155142429887476
3.42384257251622	3.367425736742741	3.350421125584918	3.35532932121282
3.3639398911231817	3.3610963394179603	3.325888360732014	3.307036667352299
3.343310808447602	3.402759346954623	3.304708053829076	3.434312884913557
3.391595531813665	3.3366623585841433	3.3471066444494864	3.327563942839484
3.4503091862785253	3.370387541667973	3.335919456751146	3.3270167462598925
3.586681344277421	3.349134383580595	3.330553242815089	3.3399300336351754
3.6542749786319266	3.379161133682167	3.85943739879149	3.395322537757731
3.6697467204182517	3.3454475505697086	3.3777894508624344	3.328146265073423
3.4537739283046283	3.421785714401826	3.4610413012739776	3.3800443868740917
4.231324112043565	4.761892497753777	3.3773937123118962	3.4087794566169154
3.9510168551200326	5.064682012799052	3.470663905449271	3.3312225287834085
3.4991753102877112	3.4267760101464178	3.3372673125834913	3.372319884898706
3.317111855901634	3.4455908643772	3.3368995140965216	3.333207073840832
3.5186791186175674	3.3791900722220753	3.3216712729777775	3.3785063436126133
3.3431963118269095	3.3936975505712725	3.40440146102483	3.3830323535123217
3.757503147785891	3.3936975505712725	3.57642823867053	3.382174029742
4.653834612014005	3.418866876245808	3.451300076031593	3.3226133363506003
5.659486137826596	3.418866876245808	3.39816778453372	3.3194540188537083
5.166575955413949	3.418866876245808	3.360267928671598	3.326111708659014
4.386331390728734	3.418866876245808	3.3609992381996348	3.3865546741723276
4.394425690059373	3.3323109510076954	3.343314434843811	3.4050022872738843
3.5358201730693324	3.4686129136882524	3.4377815472787985	3.5007048326521444
3.4261934309557893	3.2760829018735045	3.3179782903134556	3.342567254920483
3.3823810224923143	3.5049873291443165	3.372159643665716	3.354422792117254
3.31899076300795	3.3984826223938387	3.3535619131994703	3.3402992700304766
3.3577637718816	3.2791082222725327	3.3742945072107045	4.669549741884248
3.448138967182616	3.3915459914364146	3.3613158664521943	3.497625338637364
3.553926889721725	3.5902858590323388	3.3559143069211275	3.4259400753050455
3.606714339244508	3.284564808112135	3.346171420812787	3.4524163543871085
3.32771260782331	3.284564808112135	3.640243897964529	3.3175122699445594
3.8076880848650365	3.284564808112135	3.7676145569614383	3.444842164001537
3.4930999633577486	3.284564808112135	3.359507907271459	3.3758114502318097
3.6503486082421968	3.284564808112135	3.3386972468609613	3.4532553410269284
3.9018279232876134	3.7452379593927496	3.3557489619408685	3.64143244274936
3.385978366063861	5.010857782965944	3.4676057494935577	3.8818384733114057
3.339691444491329	3.852478057861472	3.3909225908613814	3.6702644282453893
3.4751023253768345	5.483901560392051	3.402829015549597	3.657185496043634
3.3087193023116166	4.329264337059904	3.4243928450925525	3.319725546698383
3.341355899840683	3.3236082265622544	3.368721794510839	3.405014297331311
3.3284956204793112	4.233857964903078	3.3570795465253456	3.3984393067870173
3.3416973878340084	3.8884109360040515	3.3364486649968743	3.5269883346023034
3.8753375745733414	3.8884109360040515	3.337267737137462	3.4834798288820252
3.449117299366759	3.7861353840118728	3.4638062325816117	3.706493594191217
3.440756523196014	3.689553766013292	3.330377540188986	3.394056493627488
3.5511289993139172	3.317757883048265	3.335902997492097	3.4315522693482734
3.534639868845524	4.135288243725868	3.341376200162836	4.118791363018377
3.4033920641601463	3.3672589986555144	3.3838392567988436	3.67887450811379
4.616707113515596	3.358180794396721	3.34420976640219	4.004439745221593
3.3242531615955415	3.3094437983206735	3.3287061795724022	3.3841913782799877
3.3599376824061284	3.4673693244436725	3.3724594844661566	3.4159667006933856
3.3368266389430037	3.40200440156619	3.3438680126826403	3.3494852683733063
3.4420015620047675	4.114635010103258	3.327137111686249	3.354686822637725
3.2816862237845954	3.3860044048259286	3.3953591070769624	3.382529120647846
3.4500593911319934	3.4339301148004546	3.3733599844894973	3.4522977827457444
3.976286621474862	3.3379214200999217	3.334372079766725	3.9420355569808807
3.8128552999098564	3.3379214200999217	3.350508057742586	3.677150993963241
3.607027352408338	3.387329912835492	3.353937202771152	3.5779397740750616
4.307143495656826	3.419707989420662	3.4427788521159615	3.923958392409854
3.654515710525347	3.2877695973171446	3.4445641059560277	3.727661857515983
3.3295641969486995	3.2877695973171446	3.4615387634766948	4.031155477765898
3.352641713309286	3.3630401068417592	3.3955855617986943	4.186828966270917
3.355769454240821	3.4027290642743035	3.3329578089737493	4.224718411786724
3.553745581205956	3.4564339926160788	3.396161929369276	3.3930746741223476
3.34117270423034	3.354315440139315	3.3453186312497434	3.5751613370957274
3.484668180281716	3.321820098487531	3.319906986121698	3.495759889733277
3.347640036753595	3.485052750925873	3.3235155913905214	3.403698040469819
3.3292357469125697	3.485052750925873	3.320225811438662	3.3565203702795507
3.3233057687635315	4.386551616064544	3.310887257876994	3.4556503098134046
3.3289757075069	3.9716030041793218	3.3262085515981514	3.485874792151862
3.3605142658821485	3.524922088256706	3.3466170351379976	3.4230669864953236
3.343101560951162	3.54298617303272	3.360199905245823	4.25262534213106
3.3720094018199873	3.3616075729885555	3.3444845808185364	3.5693662256249166
3.415268332003164	3.3528297629175388	3.5664704546554082	3.3934174753207156
3.390192229115642	3.3792154561932546	3.445999150819659	3.3586119828033776
3.364505113979563	3.401876176011247	3.495098636420849	3.408483973435377
3.344596722047635	3.3480794481059744	3.3413154283640707	3.373635763197161
3.394932647528647	3.4023574922801583	3.3422084649479875	3.4111970162030367
3.4571993925334077	3.5005675741117495	3.5486658996700924	3.421007177095771
3.9293364588524984	3.426288922125937	4.3529881548737395	3.3801529765760487
3.8479878117571986	3.426288922125937	4.58561254545744	3.4177592030321504
3.3442603015038253	3.918688869091242	3.765635774824071	3.4383959229835273
3.3766621661256315	3.6356999914364176	3.5148567043270442	3.366425246161578
3.496967211323874	3.5435668580959883	3.331186216072483	3.3447097606827842
3.885730922160246	5.049115423377358	3.4575158569012387	3.353138784018213
3.441663959538928	3.3414353330240196	3.3413248123877493	3.3436806573868623
3.463118569413229	3.347319131554982	3.335201383929646	3.3615556639724966
3.3295024897869308	3.320008238278274	3.344276375380726	3.352335558858903
3.3792029063268982	3.3553368591573207	3.3803178919062558	3.349034582766234
3.363171462320501	3.3759378093883976	3.337048042298928	3.3373337623753656
3.5101453291289846	3.314585440423923	3.5229015632642535	3.3465115808869563
3.306322538043201	3.369587885040591	4.443665906781438	3.324611812672786
3.514006855484707	3.3256551267458043	3.3192845506791437	3.335946221584835
3.645476542370379	3.3162556084566255	3.397684473005009	3.3459457149232725
3.3812908191090787	3.315352294298578	3.281230429551377	3.3379536253997806
3.3554206955823753	3.316292416105849	3.630930848481816	3.6526096443780176
3.3420429417758295	3.325052754413868	4.817899736535897	3.960118195125166
3.3857402240182917	3.3208217176053187	3.8838085299246576	3.3246790160665567
3.7240671097488507	3.3205247819608976	3.596498480425274	3.3370541026195526
3.4323122228668925	3.327340428468697	3.4784044001560197	3.3739735431847486
3.6618197896450355	3.395297852788404	3.6590374358142697	3.723212037145159
3.5662691002500404	3.3372132503566947	3.316912237344203	3.648031202649342
3.47733906819889	3.372575461550861	4.108427361214606	3.3636793071126503
3.364973918445899	3.412823253214475	5.390474549935245	3.363545137086899
3.424731980600858	3.4731344506386095	4.847350693057545	3.8092175601933573
3.38548868689515	3.409456970752916	3.4353872477892002	3.429648958067851
3.3786464262890354	3.3964609763627878	3.602813150096316	5.9636514416997635
3.3697465832252673	3.3521465374852486	3.342673273052202	3.8321029173774845
3.3728678719423613	3.432813686118972	3.31081654055681	3.396780100757387
3.359390285060444	3.4277524911142137	3.805749096335563	3.3400918071843826
3.3037170274836702	3.4256262144292853	3.3469400362783284	3.484652663107122
3.3684140833723806	3.3730884758930566	3.6203346762428414	3.4360964362155437
3.4547999011527204	3.4167776867683606	3.602875438428521	3.4756307365925365
3.3898997867055503	3.3812277760921217	3.343135399975648	3.364378881325863
3.418369603334224	3.316336121886137	3.383058373270316	3.4223267079679562
3.3481698456223428	3.3432431959916853	3.351530272909545	3.350471171557119
3.5389712406425144	3.367762416964988	3.416183151714156	3.5181505436340514
3.3231313216152967	3.4053884001456103	3.3817872445611736	3.4177399982557524
3.3717890750256263	3.3566277492204524	3.4952716725190043	3.3842006938167537
3.384923745215953	3.336563547932606	3.386768524319324	3.4016711236320787
3.4360481411979116	3.3427380217324387	3.347032770967136	3.383081708921322
3.4941618252688764	3.334371899200214	3.3732343390544477	3.3503077001235453
3.3470421184994272	3.316798721132691	3.3468292929771146	3.663269480344267
3.4181039726489493	4.816231257316595	3.37257989201382	3.334996955301012
3.3614504155369658	5.607509183563098	3.6374153437163956	5.061599370867553
3.3750815027797496	3.8011903874990045	3.3853644211494154	3.446758755711077
3.493844017805147	3.4712387548692027	4.402657100832329	4.6129540526428885
3.3871389596144845	3.7802811174555324	3.4728119319607837	3.5466853263530096
3.3733533368795614	4.396588199941221	3.394925736247515	3.34781595502748
3.3532185448197005	3.6426044431439952	3.497401993648194	3.3834026746695525
3.3709826648531496	3.386787982678192	3.3421968650466023	3.4901081641876104
3.3965718926495274	3.386787982678192	3.4241562680657136	3.6085265618898807
3.3214110369873193	3.3353548396547383	3.372428484329407	3.4906455288531286
3.331838670060487	3.4750404381359195	3.395040249370583	3.6144227306746672
3.3719223709766184	3.2970421631322537	3.3419271146510816	3.7828705397531084
3.3526267292865173	4.056772105376116	3.3182924365989948	3.353921754393336
3.3565581826543047	3.695793134709938	3.46910313164691	3.291435568555727
3.3833816634920293	4.136512728392527	3.383688588803386	3.2853659716918946
4.624117725641752	3.2970039020729143	3.3851475235050374	3.3779147184938587
3.384256427517894	3.3232493037132516	3.762420811982776	3.376389578169154
3.362519881889121	3.293391373333341	3.9366735397902923	3.423007775081289
3.4037564414934547	4.754929769417051	4.005190619709067	3.610002645831125
3.3561698847236108	4.754929769417051	4.880510056352751	3.39561988449783
3.523997649287532	3.5496042153290497	3.331710898349466	3.3348848738841355
3.3684678118845133	3.384842287793832	3.423072027918882	3.3283446479302286
3.307210924744272	3.2959792538003674	4.27591570340576	3.3304242767972516
3.4776498204667234	3.3571095456536773	3.8275486686709903	3.3223360573169565
3.3488086047688967	3.2881457593992787	3.5153894396210057	3.3240835826093624
3.382806422327233	3.3369969962364356	3.347389366758538	3.303757262408412
3.8994734392318167	3.355828018382533	3.6836853759029333	3.3051199457162523
3.4725656562475224	3.3529992242034647	3.2899464987678195	3.313303841057416
3.359951169556789	3.372478905430523	3.6332743101516707	3.3180348132352653
3.6312508856606507	3.386810214127711	3.467035736844168	3.2848932785395335
4.930469585605372	3.4494448042282166	3.4272119424648553	5.386603814552557
3.422092097170875	3.3916524241669777	3.4987332306773924	3.3383271937215007
3.4199355983695825	3.4983336130687492	3.4276884333138122	3.3456741276452266
3.68483056144476	4.653472417329751	3.3488746346962905	3.3650207106901844
3.3618116847672317	3.489729473033414	3.3585982769930003	3.4461541128245767
3.44731063677722	3.486585082933111	3.344666181349819	3.6267751588354877
3.8393342862201676	3.598172318393087	3.35031553504391	3.4320498060982167
3.553836575517105	3.5194996890039385	3.468007785428217	3.632336620574238
3.335852761096011	4.189574111960895	3.3348870234789634	4.040161262581647
3.3587269534610042	3.3388938996313735	3.4960083704099625	3.6936807381144714
3.4307607501559136	3.312598694778864	3.759915402927061	3.4940297195644594
3.3816508833546117	3.312598694778864	3.347154973720916	3.6000231023589935
3.4348428222566776	3.3050378078334424	3.3976058985860353	3.3412877827487177
3.4208411481503034	3.3192658612465715	3.372437182570817	3.567663349816658
4.770344273623427	3.310845783961259	3.347969718077908	3.457827205578172
3.5848026826514476	3.3206269492324094	3.376198986938636	3.3685876586863137
3.340289331367389	3.3143221144600474	3.529748921007511	3.3459904327578904
3.4512102917826444	3.305761156543725	3.3777459330382644	3.413917631011827
3.327474405707841	3.307441184961422	3.855851586487373	4.0463952782333665
3.344820317690862	3.312412573912925	4.098583094571077	3.40854819865527
3.3713486574870823	3.3257558805051395	3.3255899914763485	4.63469192420281
3.3835849444105723	3.3172273587432035	3.349865933205649	3.3387207946469983
3.381273421483465	3.31946665871723	3.3367197577235905	3.3775283706523305
3.4145488880194406	3.3077089436037372	3.3356636662944927	3.474797274135354
3.3637579269949653	3.260419902242891	3.486914273251771	3.321897435659164
3.372197353207449	3.3019625740206098	3.7835037241898406	3.4555112666941534
3.352450989734004	3.302657229859453	3.3157426096780593	3.3547875473868842
3.3482118963183276	3.306589834752312	3.4430180604041247	4.609589396244452
3.4405079955421582	3.3093142084907723	3.2934600122121935	3.4698650707728667
3.3252897393355387	3.300015943389199	3.332800284235355	3.4719308672929134
3.387734131908749	3.31286406158567	3.2978076594274928	3.344875467217431
3.3475383114170567	3.3317519083511486	3.308027881136972	3.3320039878173686
3.3340239841553174	3.35715738796878	3.6171133598259098	3.3557437296504014
3.324957524322215	3.4356276781283146	3.4143174777932863	3.3775398344082626
3.3250437252491327	3.445751463165676	3.3519630008913	3.33918499843823
3.3464497751000155	3.4126054403358963	3.3393007690071173	3.3591214813201917
3.343304654978433	3.4482639787975238	3.31328565898378	3.4557452476719424
3.384644630462696	3.361174378285188	4.025800909550322	3.3082831852980443
3.3636151379757786	3.401841333019651	3.4752716691448517	3.312008703841572
3.3472551096859484	3.3400672567450522	3.3548739509965637	3.3120150962563053
3.350546766897049	3.3947130447319163	3.364285124812546	3.2970456471323906
3.386379583012405	3.361322516743166	3.8378552456690223	3.314308727926644
3.3426862977921377	3.3677815054628883	3.435216858486881	3.329011050124118
3.4155631763923746	3.3621460889163863	3.328997129231907	3.342706616617406
4.045826414638972	3.36529964177297	3.348615716885655	3.3415132910483476
3.6952297592690746	3.3304076833214773	3.358984759637438	3.335172913476769
3.500550138753759	3.4699429026217	3.3229007115637716	3.354760146949671
3.839037347168966	3.3470653429977526	3.4407130381755326	3.3367061656779713
3.3160716888549313	3.383701640004074	3.361601311044925	3.3592603039366935
3.3162872751058936	3.4761805879169003	3.3972368916765845	3.354340757944356
3.367593699645438	4.20080613904268	3.3678575228214833	3.3703932702558443
3.3651833669214852	3.5608757502490853	3.3660941742460797	3.3690506986572055
3.3709941584028797	3.7070935789963944	3.344020689905882	3.304635022876626
3.7878592860268454	3.7082179404838924	3.3453452961736785	3.357696249265023
3.3330488911293186	3.4560295120250526	3.3186947566582097	3.3191599951703163
3.395027299981258	3.3516373732586446	3.3174622574690478	3.3068807472238775
3.340747606802878	3.347906768993546	3.364485094030928	3.3113109130655367
3.340852196254023	3.3377959368540413	3.365069052651117	3.327340174235684
3.3912777337368576	3.5473131026219726	3.3472556405155722	3.4915139177360968
3.3304367735626528	3.4295515036368824	3.348778898680603	3.350211072021777
3.320727321133128	3.3347650645611946	3.4065021290004722	3.382776349041379
3.3192418888671553	3.341904791689423	3.360279443060832	3.9165974913538655
3.3200688294260416	3.3688739357118207	3.40594987070823	4.133625734900023
3.3107633717140317	3.3594154836129264	3.4155460405473943	3.731653396842699
3.3191544373026716	3.366271669843462	3.4520874184822095	3.305038502433007
3.427672543433468	3.3332154078470335	3.565840537394241	3.3186614291607084
3.549188043259369	3.3518306154000945	3.485438169661237	3.536076733997864
3.7490736764048083	3.2651199396977617	3.2809098603425797	3.8695898447128467
3.4604141906477146	3.310269187733342	3.472129547375234	3.3325895330193154
3.47749339969677	3.309175434972616	3.3501822867250715	3.4322799912304074
3.944594997044617	3.316958747735538	3.3940152657557325	3.739170207650759
3.3955577344129386	3.3048484715785946	3.5847789599792184	3.496308529698359
3.696215359599274	3.29918698973231	3.3722430766715874	3.715009670761658
3.7394087667825477	3.305923165562374	3.475541121419285	3.3260171978140782
4.2297962150009845	3.305636314716013	3.4623478857557464	3.482897250271937
3.6417495039031906	3.2871076912167827	3.4471979949807956	3.371411038267617
3.3817791228592013	3.3042719858773992	3.3382706346402458	3.3814921685711865
3.3524597472334356	3.300512080412669	3.735236660632831	3.35971842932495
3.435651323417514	3.3590304027871944	3.7763875728468324	3.308291791994595
3.344287110662695	3.3049138102792117	3.4444758313861983	3.359752770397339
3.341233538006186	3.296456398098692	3.4873717763426666	3.355582061297955
3.35577761933146	3.3212891703099343	3.3506977979211223	3.4641557558196148
3.384727526290217	3.324325963562927	3.666034117647089	3.4527533248504967
3.3882170105929967	3.3301261355425567	3.371006843605784	3.340187024039637
3.401741496175677	3.4007479988286122	4.04392023780993	3.426157892221614
3.407247357467679	3.3444413182248542	3.9415166008601297	3.388388583314835
3.431741457788298	3.575669761946828	4.804166762253241	3.3674244573194727
3.369798381917538	3.400667727706728	3.29332998635223	3.417939714154088
3.4296749729226867	3.492010661193831	3.610724934440368	3.5045617541768666
3.3384784486225545	3.5476419640610497	4.083316476690988	3.3526056360734455
3.6795023691094118	3.7838611152551445	4.344995011959628	3.4503444345065484
3.426500954316715	3.7838611152551445	4.8584570993657685	3.4086813582168305
3.3916609160391897	3.6871985365040145	3.5446899503195155	3.357100879195851
3.6869603296297386	4.115751898414659	3.6288269284788197	3.3630735043945146
3.440576127281421	3.3084516200934764	3.6335936610468944	3.3822084050509242
3.3834554856587475	3.461031498296517	3.4901915099471736	3.3423528388154553
3.4673030701157486	3.382497349314958	3.364972810253583	3.4691794868288244
3.4120404240161064	3.3231988331367797	3.7208700142194284	3.3325068558562507
3.7640857322299457	3.3231988331367797	3.958966743179916	3.7487545268946754
3.6120886450186243	3.346218996370797	3.7083988661162803	3.415744525539999
3.6256086181614418	3.3057386798885755	3.352537163455141	3.34646769280037
3.394182630260621	3.3057386798885755	3.3320313715820316	3.5774844058688458
3.3559029892850627	4.665680460847461	3.4690040466788417	3.4166030094802418
5.82368004343965	3.32476744793275	3.3533106840241516	3.4039783613909322
3.4546023011687326	3.32476744793275	3.3852407679691146	3.337625348614104
3.324614643954173	3.329153410572358	3.5431523587885136	3.382482273592447
3.373931818164032	3.363881642717382	5.019848965736648	3.387333812128515
3.369133774088472	4.154139015717814	3.977021966142875	3.410795204511598
3.3787679532266903	3.4796671296270167	3.74555486838637	3.4114127838521306
3.3374829057340136	3.377500211253491	3.3751278047415774	3.4187269299051777
3.5018630822657837	3.527424127216093	3.2798868639874947	3.337739823624717
3.5328571268296125	4.029284855988587	3.53402823767521	3.428760182715667
3.4459687636720853	4.029284855988587	3.3393548593268	3.362609397568514
3.3558253384329273	3.336927873254717	3.4460060888221706	3.3338440048489737
3.8956915957144114	4.219165085165674	3.4065273262020783	3.372434222946728
3.965333221762146	3.672683576455716	3.3398860114650413	3.328292796065801
3.3439487640500314	3.449335453668393	3.4529630727682656	3.338047529334882
3.8254579567109523	3.3260439503204657	3.5603513071106803	3.3569754853746874
3.441698975112836	3.3897711327976525	3.370284737219059	3.297398982064818
3.342685867622133	3.4052549425878493	3.347197904035253	3.353248491535504
3.3305718719918644	3.3326338080703	3.47727790171	3.308155240129645
3.4825429036674547	3.375513479395127	3.7577294582638605	3.3537162535628497
3.44415474451723	3.342456208215113	3.952477376670959	3.4230080082029097
3.6651057183956737	3.324456692443961	4.617738489723504	3.4798996166298672
3.976054357993221	3.361101364939291	3.44254571863383	3.805490645290985
4.227442054201135	3.3862311627461774	3.3688241635685134	3.7264339598226717
3.408180662210761	3.6473252995218104	3.272621874009754	4.107157752106636
3.858579410745376	3.3698997002534306	3.3199674530815413	3.3897189026784247
3.510241749381523	3.3525204167597167	3.4323661137889188	3.3532625328890453
4.098333942804291	3.5532431225734604	3.448611124254794	3.3919674893293323
3.8133251993209782	3.330116313751997	4.333175945576086	3.343503288830694
3.981840158480149	3.3661561960355377	3.4033026965148983	3.399625395726913
3.3155000139757274	3.3387748270544173	3.5308784059404124	3.349606553560087
3.7190323169581	3.3637944119713796	4.1584453088004025	3.3834093117730992
3.3659960226773946	3.3481563749687173	3.452082889903329	3.3900091106682577
3.9867627705477986	3.3347776268786067	3.4298043565178986	3.3172912028593293
3.3436749584374943	3.351758813208126	3.551487777170308	3.3398614807911606
3.3639911815135264	3.3713531608756653	3.457529993525481	3.352788504792996
3.3419062096522363	3.368074969351291	4.853310833038735	3.396653675305464
3.9631044281862575	3.332503371338766	3.377855414121949	3.405722960593714
3.7816979247612665	3.408930436484672	4.413989846083428	3.966205127084047
3.3015253469606787	3.362925948308816	3.786557474074826	3.3998119928593735
3.4159901458531183	3.4343294099995862	3.537575284868214	3.353137747629197
3.354524482705644	3.5682760439715633	4.487404413237364	3.4113385462701276
3.40613219722937	3.6310721103168477	3.498896043993941	3.419459586080926
3.5261069474206694	3.386390913256695	3.3672618692630296	3.3825510390118447
3.399624708991788	3.4613467107157794	3.437053326296016	3.481990515007345
3.3559578220311597	3.3377288928940803	3.3692872387052732	4.118472418785309
3.4014046852967414	3.378459991728405	4.470043250637687	3.3637680331847455
3.33125615638857	3.4001684752851733	3.6838519133402343	3.473991474386392
3.3386614441911293	3.452598303169435	3.3596371715972624	3.484823837811222
3.374231057319885	3.3610210447929347	3.3720188645253444	3.3870179567688457
3.2855982014274203	3.335055293510661	3.3766750152925766	3.3758179257388634
3.3263857082927806	3.3401747881930266	3.3481772120934754	3.393845647808317
3.369508898459749	3.3578394594417666	3.3835149934253854	3.4232368669680646
3.422411926163126	3.9182156288411223	3.3936808516923684	3.4716856435677825
3.323109461468854	3.7578969030173557	3.8336136349851873	3.902266274463182
3.336271306330051	3.470520011835883	3.3498475687651745	4.362961826265229
3.3756182133788384	3.3301698223771075	3.473232671916654	3.4179661150936895
3.398912677759629	3.3253566998806967	3.4655384500416133	3.4260052923599886
3.379616905337606	3.3428300072009565	4.694927490526668	3.6885335338637644
3.3754815003432768	3.3693994108820187	3.621108518039681	3.3801334599878157
3.344238421225619	3.3861812255959287	3.474959261020196	3.3909986789599813
3.378267543938848	3.5762847732451237	4.177465028564001	3.3780098299505292
3.363184683772376	3.6211387190063844	3.8138203186799102	3.371512846651933
3.355740924241671	3.3588839098647907	3.4409255665368086	3.3694357476434433
3.3342242064103162	3.4036069007215453	3.3534438740939896	3.297225245812188
3.466729927365638	3.3548660215235886	4.2914945739241075	3.3499412514883473
3.3560917419938794	3.410967271488806	3.7909416844447867	3.8561011845456843
3.4319640917568632	3.3794469121434476	3.4290997045584053	3.4543729071651366
3.3893059850559792	3.421975698781142	3.4806652828787272	3.2780567172900934
3.3533292414570575	3.471535838243528	3.5500344699998863	3.3424287867784104
4.001689125571018	3.3780512956856232	3.458136956187653	3.872128100636375
3.52441886767643	3.3580615196423	4.28239954210043	3.339318086686225
4.198206563363788	3.3780083972359765	3.5314262248710113	3.3588953639892973
3.384495676308711	3.379181641369291	3.2861097808967634	3.3948105792898544
3.4921032124229408	3.3421766432878854	4.283524811029179	3.3705184850570022
3.397283251700122	3.383222509250271	3.365952681882712	3.356983949950028
3.506569046937914	3.3531416252448762	4.0609881878244725	3.357850711548548
3.382096943393921	3.3950225117195947	3.30110615641396	3.3524462991423363
3.3711569175561915	3.378469321102184	3.374587283750371	3.392806601703634
3.36153792711783	3.382591760702292	3.3092230187507283	3.3775081157359557
3.3577757324269064	3.334314889399841	3.3161882910053144	3.4480657998146684
3.356551685978989	3.892626442778412	3.3666408508587686	3.434572502449241
3.385452151283774	3.406142207063643	3.3632491462673038	3.3343874584360225
3.3780424398608035	3.413968204735907	3.4454944306198128	3.318239131676392
3.3962177201978587	3.485396289416978	3.541418239388903	3.3554307458937553
3.3545301888217858	3.589813841750694	3.3270829608457615	3.392943008075158
3.3732499198814425	3.641851792587893	3.3303767243087448	3.3988188831665886
3.367470467679928	3.35910293808383	3.3277606384695906	3.350416036919919
3.3677577857890597	3.3689972117489373	3.399576105869995	3.662335949510353
3.363646479946474	3.3749493406975604	3.4153868953826594	4.5617224746054585
3.3556008235354815	3.4362900369168967	5.558580632697067	3.745349784750296
3.3713871250791083	3.350201857838043	3.3643754339875462	3.6302007063155495
3.3385684997809624	3.3476671266270386	3.4163393557982453	5.217683740471927
3.433331465378746	3.464548642439911	3.882310844643289	3.3171026902497807
3.353717295862698	3.4889896277184453	3.391974057971752	3.775492071520504
3.4053641217581903	3.6101505927861517	3.524831583418634	5.520721688243383
3.3252455866812287	3.3527196522107126	3.4183545836311118	3.5207103234170796
3.356174896138323	3.485825901751834	3.6818498069379846	4.879096999584626
3.3819710777363805	3.430348781583173	3.6640895832820544	4.1060752404046434
3.3504430663087748	3.430348781583173	3.616035126139601	4.013762507109755
3.43063831203804	3.5366743646879453	3.356602267827621	4.344330852333846
3.335917134584278	3.810277280675369	3.4679041684087197	3.5735325571294174
3.3890634669088833	3.5510890883365156	3.374738455910551	3.4867739101397097
4.155797455121837	3.7432928972768362	4.024730948674419	3.3493816346235286
3.761060767914881	3.4333134033051893	3.5474511810315494	3.3202631380081717
3.5007088162387707	3.4333134033051893	5.109394441806061	3.3594867636112244
3.3477272631594577	3.4333134033051893	3.6315629604892843	3.360578852603598
3.3351373130450552	3.6467450828168286	4.0507981787602505	3.367496102922046
3.5703920484865854	3.399406262491071	3.7446758721113205	3.349439420550146
3.3855105747021366	3.3432835067859408	3.285897738743325	3.424638860625153
3.395140424811445	3.372137998278582	3.277999619419222	3.6040803705546187
4.636585992429431	3.366584128673777	4.152465549081474	3.4259953302888944
3.3297512805265503	3.3401672955757675	3.5961816685633834	3.3453675714940787
3.3088965767265526	3.353847417256301	3.4713388153229543	3.3567046216052443
3.556524467981981	3.3790674356482118	3.7603662208536264	3.3831541569123393
3.348606378236304	3.355997031141253	3.729712618533144	3.3289717621672246
3.37064007881588	3.3781718771621887	3.3299295497804984	3.9575329222121676
3.3704605202778266	3.3404675055302926	3.3374934125523046	3.362831154531948
3.381702159998199	3.355853659310185	3.330218087199586	3.4261596117250113
4.768687751844018	3.372482449780083	3.392078336209411	3.337115600286519
3.2820289491456407	3.3585975220803785	3.502107389107609	3.3298817218902643
4.7797223012358865	3.3465846297027464	3.3360272489093266	3.3393902852922257
3.314117623972648	3.362711089964673	3.480875795521211	3.338426707198419
3.317019638676061	3.619916837539131	3.4789889162936145	3.3462730934383123
3.370559103051784	3.341579580759217	4.362612367468117	3.331336270468909
3.2742371937829224	3.353736045331349	3.8164584387484406	3.3567232801859426
3.395687470304755	3.351333008435204	3.395610037366105	3.370074810972487
3.3828029675722444	3.3360139434881955	3.5663337638228665	3.487138689544982
3.4287601068476397	3.3994057506860056	3.330627116555248	3.4493926185157897
3.345783910743429	3.338020557196085	4.548623654040258	3.4124892129232385
3.3948790330891727	3.3341436757855605	3.7744650483705158	3.3540754323698225
3.372824957279091	3.367845358331396	3.3667877652178912	3.380234475207798
3.3735961029814776	3.4129872046512024	3.3624081192006074	3.3989555953457025
3.3817003867079256	3.3873600499613254	3.8023048712134315	3.354370913413675
3.330732787485847	3.3708610969854664	3.682960300466486	3.3920402006960266
3.38058867852869	3.4517145751047043	3.328905911441999	3.3245848280933874
3.3576496800303204	3.363243929272856	3.35102985531316	3.322836977652379
3.3772500896564512	3.346781921026851	3.4215842707493964	3.3345793221569275
3.4244805267401643	3.353335957566091	3.3747173008316436	3.538425695589676
3.290915666950406	3.427964543829336	3.737758755608599	3.3150605966281166
3.351996574824437	3.387595419519123	3.3544500907536046	3.6117978802172477
3.2791721615284857	3.4037901389313023	3.428049444161232	3.7598128388245122
3.335571580071726	3.4647907046025104	3.6252302376100682	3.4383590015655026
3.2880428360191534	3.340592479915411	3.809991358191131	3.5226577287439675
3.2721777323156624	3.4370666682717554	3.418872935532616	3.5121823904465472
3.306558567388163	3.5874430728248035	3.3619608712743325	3.699308669155918
3.30199368600727	3.4357161119458093	3.542527595027676	3.3339101255920633
3.3068154981149327	3.5793308694614363	3.854957573871645	3.362405197978541
3.3065965316165373	3.3287889360944174	3.6121729578433395	3.419526562367707
3.2764739510861816	3.417608628540491	3.532179826664723	3.3724323293895955
3.3084571084363716	3.320386981691658	3.503414236808412	3.3605863312054263
3.3032988448065685	3.348916591195891	3.5770631679368483	3.4178313136379894
3.3639789408476766	3.3776261243320724	3.543931314952223	3.353922702273135
3.3240342496053508	3.338290563400386	3.715424878618448	3.3343725658417878
3.3729187624324792	3.3638921244625255	3.3474652701771217	3.610737098345737
3.3554156130210813	3.28359354450248	3.415085483707788	3.334920068084277
4.1334809530898955	3.3527197574380305	3.3589227042912575	3.352702388626738
4.687086232591977	3.384014136442058	3.413807299167116	3.3413403766425307
3.4543687943625945	3.3423655368841794	3.650069636494698	3.3955582198105976
3.4139837128322963	3.3125180542977755	3.3730186985068986	3.363891085106792
3.3365491138879224	3.3370325161584984	3.3555304802884347	3.3691335599321097
3.3473961909354277	3.3265319754535336	3.364595358733461	3.392803972470459
3.5535396342358596	3.3233617681053014	3.3446140773148114	3.358643538723137
3.3634804504296048	3.3267437722878617	3.4897627466604444	3.339130867986913
3.3536985846814513	3.355177475860524	3.3516850236359965	3.392431582945523
3.334173853144427	3.35582422722997	3.355667627910431	3.3471572092133286
3.559080469611252	3.3698606838542156	3.380345469170594	3.333033167297246
3.442732724324392	3.3400650279648296	3.37581361868555	3.310364636284821
5.607124479440195	3.372708374784275	3.3437634058169534	3.3209929600222177
3.3851196930086953	3.3709676081870517	3.394755593794794	3.324843450464254
3.344605024251409	3.3920253820560364	3.319222548421618	3.3340104948944207
3.3523533147110083	3.4963470204786584	3.395241952699303	3.3758946423717293
3.370834417468312	3.6156889610683485	3.3691032038120303	3.357670653379082
3.348867751463473	3.5467684179457253	3.4643492292073352	3.348017064879317
3.4645232396479155	3.3903214145720613	3.6239786839877333	3.3835627713281293
3.4197983447611335	3.3963174489178884	3.3358388401933605	3.3769552568602164
3.6297418288364818	3.6611732217838737	3.3486817176657455	3.427972862850825
3.3807059391279783	3.4917928849205944	3.3331808556336346	3.3376104431484155
3.3928266879148037	3.5305074208195393	3.3583623762981705	3.412186948134641
3.6149348083808577	3.5305074208195393	3.3414286670901974	3.425549827854238
3.538457192368787	3.959319750692578	3.337388483483314	3.3862795436337065
3.4541152038420933	3.480975987012135	3.494529326272615	3.4397495551466806
3.346775796005342	3.3396661583626903	3.3520617092200857	4.316431251030336
3.3657423338255716	3.3396661583626903	3.381363130439732	3.460400228883554
3.347936442538459	3.3478214458031212	3.391918256145127	3.47500198281393
3.445178690741198	3.5108801775625658	3.4391249403918676	3.419739665783811
3.3339637752598987	3.7022506213626745	3.52804139079432	3.3221409948861877
3.3397403856116634	4.147561886611369	3.798422181905755	3.330963882993609
3.329341143022503	3.5608586978555343	3.3511240479951563	3.331058286941339
3.3648178210769517	3.526990933283912	3.57277279792402	4.038435753526477
3.5032077172612173	3.478496878507692	3.501533029012537	3.475070395866103
3.3479455315919977	3.644712539822432	3.3823140899197615	3.336073937503091
3.3758295016962583	3.3415136760075166	3.596128232811726	3.8016822599200495
4.532770870824212	4.311167108878109	3.306825584369663	3.6239506747131824
4.435924149202804	4.877409228693386	3.288332312537814	3.756187522046914
3.6603952933299606	3.431908861473402	3.4104305558176	3.4198859229292715
3.359216375001133	3.460873536265906	3.5089060268475656	3.6635172199052
3.385710920892697	3.455985641455588	3.389738594102968	3.487089625602908
3.3923041214058953	3.356646748968559	3.592291731821918	3.347607560711965
3.3779738665383627	3.374064140319563	3.3375611608689826	3.3822157189625424
3.349045593592464	3.364993394457734	3.3767812965581863	3.4178862705824247
3.358187062343707	3.3446870090715666	3.3678678743437516	3.3304357275118797
3.3454988406625144	3.351704238556499	3.3616895747033806	3.331247472434269
3.3839337021660474	3.3729970576288686	3.638160169944085	3.3612870449195658
3.4130729528269814	3.375228569505973	3.3573159808004602	3.363536263092058
4.207308423284545	3.7629125097723146	3.4641722457515254	3.3602874874734265
3.784615314838505	3.5012177160431968	3.9872762908614416	3.3676949718800846
3.8678020876005723	3.4033326209467685	3.3950966618820253	3.3891310075083787
3.4320234407184382	3.4171077637174805	3.550005658464794	3.4864587203509365
3.3584055117336273	3.4171077637174805	3.5830364553573437	3.4823860270992006
3.3778081148527948	3.2712910588246866	3.5650056826257743	4.311798374711779
3.3503519269234157	3.346277875530048	3.625111125546371	3.622313837188976
3.6104436695706026	4.035176561816714	3.4015593623161284	3.3470860021504842
4.039850568240611	3.411068891337865	3.3992628292907403	3.384128135416623
6.111974101343181	3.7814610392461585	3.692271560832509	3.343079339023022
3.2770167047306575	3.7814610392461585	3.6873196788151503	3.369670188759989
3.4315014043842393	3.844155128223237	3.523980253973007	3.3529592172585385
3.3799163464484336	4.883341332451364	3.4404669585246643	3.4017010160898824
5.2626108751014264	3.3317726450754765	3.416885000741977	3.406837784087338
3.31806119788044	3.3787290276219166	3.374372895798315	3.327378882330725
3.310533537709467	3.3787290276219166	3.3718080226702023	3.6950910105802395
3.2996474225154167	3.3787290276219166	3.3526657741895862	3.695676817699345
3.3212394891190504	3.725580456262194	3.6228910244876493	3.612392478831437
3.431609300819007	3.2975118920988864	3.333238360034355	3.3208363037439725
3.397888541106926	3.293830604734535	3.330809722283361	3.4620128002058603
3.3905971817345515	3.303850935479033	3.4904321540304353	3.3351410526438894
3.3658409930160316	3.391999053540759	3.311132949553278	3.4581959004091445
3.3822677622993504	3.30435253529224	3.3269720308849124	3.343337701254476
3.3303004666234024	3.415509836912732	3.325717120854619	3.3902340369121022
3.3721051477708865	3.317386971355781	3.3218209663661757	3.344319589694125
3.403878155179876	4.978588442585095	3.4067338210404197	3.349696133791888
3.406516438088624	3.5650653011763156	3.3656081386940118	3.4473953646316784
3.3613197920609332	3.360633678169339	3.3412720453004248	3.3681518582881345
3.589650385997641	3.2952664162922436	3.3616708183274966	3.4039958935109027
3.3289045954279977	3.33571197178254	3.3508467644219193	3.4074009704519503
3.3276670482544644	3.3173796215061255	3.3819725041265394	3.3435153637452872
3.316145746475389	3.348652019185092	3.336662938616152	3.4180068637722663
3.380594994468024	3.5069550921654296	3.4543245100926545	3.355620539205868
3.3933898010487096	3.5069550921654296	3.398561988867455	3.911866608942512
3.399793167009438	3.783648691537661	3.359761112844831	3.448616256140621
3.329561756359994	3.3679654261599543	3.404839842454047	3.4545024876654917
3.3659742927621483	3.4308143279783208	3.9563029765643716	4.1121715289054634
3.5767256139987085	4.694590118184547	3.4764300112576367	3.9734229342456926
3.6049227749024624	4.092345697115573	4.403667523575393	3.471155040780884
4.489438931489087	3.5984474513479103	3.349379451880922	3.3239019488369133
3.4427037285803537	3.5984474513479103	3.3383145541356196	3.3209480107496923
3.3963398495285047	3.5984474513479103	4.231878888098699	4.06689863713666
3.4341243088264934	3.8457138551800947	3.564716529329667	3.4062740960724374
4.250774461902764	3.4663851636580274	3.367240947459166	3.8180969437242434
3.4139866710527587	3.4495504160280808	3.3373718331508595	3.487722048990243
3.380162945272612	4.278933215565492	3.4243385610671093	3.3259980788248873
3.3728178330198793	4.278933215565492	3.3783696161828694	3.6264838552861107
3.361044329449724	4.3679449955908165	3.32911940927102	3.5400766644302175
3.5351969072463083	3.5500936351380705	3.3312202308725753	4.295450342337498
3.3580270618720642	5.363542396806503	3.7637349931482422	3.554899972096414
3.376225402210828	4.0473154918090675	3.5650522329273686	3.582295809859353
3.367896126001501	3.6851256855580052	3.36136306143867	4.712630886566282
3.4098575507313447	3.6851256855580052	3.3269619987994057	4.317069084284054
3.3732028702512245	3.9976826548252635	3.3298432595817893	3.729391744816457
3.3944314216136267	3.3944213626328916	3.3645442216993944	3.3946334756090595
3.6526623069339754	3.42505237520131	3.3508601286087534	3.3627953503643155
3.3466348180723218	3.442715681967131	3.3348453503478472	3.3222730330514496
3.3874644979462536	3.35139961184193	3.354586373918486	3.382754928207551
3.350945773650494	4.093618053053427	3.7278870198590752	3.415594704721487
3.4390379262430706	4.452454357964552	3.3592269443445932	3.6582190006413953
3.367962131750157	4.452454357964552	3.3489271732304733	3.380215533701706
3.4294674435208012	3.371299681150499	5.150936511949047	3.382642422078906
3.624517298415967	3.670581760489658	3.3649645949319957	3.3356444886768375
3.5193287278735945	3.391511897525384	3.362150660188859	3.336716670571062
3.351149490060618	3.3907877506563273	3.4666272276413768	3.4157545173982373
3.9872595146006455	3.3530547689212034	3.3619876451105544	3.4717928149551436
3.393137255111253	3.3829458248846604	3.356712653288226	3.364135330545728
4.135870141412215	3.381493224872674	3.3322602249715816	3.351675909901639
3.779856042482286	3.3740544821448557	3.3209436826808987	3.337046965165139
3.821700973261252	3.358884463998049	3.3381350598626414	3.348660626531123
3.358171091873721	3.346855788047469	3.3286427413801243	3.367367164697944
3.54618450031864	3.404200467927474	3.3978007756974087	3.6661764270793853
3.368184831319528	3.404200467927474	3.3601964383212204	3.39454181345745
3.364525363121566	3.3467318757845668	3.306874223831197	3.3864076708776123
3.4128461287166045	3.4388911869482053	3.3504585795873747	3.356716486084442
3.384844129616746	3.380730683374546	3.3609562312484718	3.3505636712391844
3.355465343701613	3.416988239030829	3.343148049826205	3.3946721189497167
3.400962634877409	3.374874114473546	3.3659580783127474	3.4501703351617565
3.4025415435723283	3.453883393647725	3.3305453162017766	3.3835864978106263
4.313850173999858	3.465271852247147	3.3377678101833324	3.4171133918415295
3.5080793698342694	3.3626568153389744	3.34334302382995	3.329737076218315
3.709432967787629	3.351285201090851	3.3244186351913974	3.364829446266655
3.3371147131164443	3.374473411456727	3.323005482285956	3.3707716166810275
3.3312633727069767	3.383277897957931	3.33116183051942	3.4741619880077614
3.378294806842791	3.357508849327101	3.493076559009215	3.3693658252130785
3.3563923930826283	3.3437093133017246	3.363248459951909	3.343861526371575
4.372166308662943	3.3670420977571447	3.3243020829354775	3.310330495227684
3.3979607825049536	3.5010281963194343	3.318887878674167	3.4918191734937603
5.655368156190974	3.5518791506081198	3.317760813779352	3.544195899527008
3.321301411667256	3.4474455611627164	3.3224938151178254	3.3497392469576357
3.3408221211325353	3.3781704630462523	3.5450985139235316	3.410720541646982
3.3536393743809283	3.3685816401927102	3.455201173363397	3.352073286133761
3.3484315851225337	3.378214651228066	4.299331621684835	3.347008491211061
3.3793438978762613	3.3602036865833926	3.69143471937006	3.3581402514887464
3.3795765880538253	3.386009164330155	3.5394380989171466	3.317185134736381
3.5154139665179165	3.3516866169009787	3.573752816862152	3.355194961929417
3.3543249714348913	3.4078397181559	3.4359591331296544	3.3483611292393936
3.38636984068658	3.382851054746181	4.16734185721258	3.351584656124026
3.3526501581397836	3.3901535594321732	3.3847767875232373	3.3494543259770624
3.3629345654265803	3.3720862716145428	3.584208425113925	3.391850261222892
3.357652342136759	3.4116871875146444	3.470371475222753	3.3354280675353136
3.376246840116229	3.47217471722107	4.032248586337294	3.3392942862311132
3.3833056412645086	3.337315711527471	3.5339266932469875	3.365154926698711
3.4106102789070305	3.3561710590077154	3.2945418855495587	3.401313294056875
3.4131902946683206	3.31803061627641	3.2945418855495587	3.3749818459372616
3.4776442107358467	3.33436308651157	3.3654764900736422	3.442936953141449
3.3307202036528474	3.408271024721409	3.3617105001336123	3.444333223162286
3.3278842574798286	3.343211551625984	3.3575301971025313	3.345840595239663
3.350170418842122	3.406158193716007	3.4047967568178272	3.5714513792755067
3.4156323809527454	3.3630749698416875	3.393435681548973	3.7797303348523568
3.32861968759331	3.3756489013169326	3.3797815104970836	3.630471785733221
3.5100430414946757	3.371974233350696	3.4500981659072556	3.3616998684692683
3.553031791252943	3.468824564509183	3.3671554749395725	4.392950634184596
3.35925044775215	3.4443594679229514	3.301576494368377	3.991696600567172
4.068712179309337	3.4443594679229514	3.347398351541715	3.441168784950788
3.4401919848209674	3.433521739026326	3.3596524911838843	3.440957440361226
3.570615511623726	3.4182774872244384	3.465563553271026	4.333321187667609
3.386384163953436	3.440295589385963	3.3719144106847008	3.376852634947782
3.374751293161772	3.589548140461965	3.377071221146869	3.6731741063786476
4.039472573773828	3.3442224745493383	3.414410728930466	3.357782095504265
3.3390496025998195	3.413618250490161	4.823764305401798	3.3777717725955925
3.4397014671671315	3.486997234338741	3.3499585199761475	3.3149058868911747
3.410582465850624	3.4034119224236328	3.5181145517810792	3.405950182753277
3.4207210631424974	3.353301950599028	3.420889720198705	3.383295298317527
3.4142878075352425	3.400601715286333	3.420971260157135	3.369302253835335
3.3041135576677743	3.7216813088126544	3.397916507270163	3.5883301425763174
3.7704072735265237	3.3728322252095637	3.3902388328471282	3.677935930663679
3.527305288204107	3.351551957614322	3.3909424288354364	4.229701435853883
3.3805445317354543	3.353497365527738	3.5768057505889352	3.382512856465191
3.4353334584247683	3.4338256946665404	3.3242392614213316	3.3387877020151926
3.357638159464436	3.8924363921105356	3.3540086763516426	3.3898427985283472
3.3365496386577735	4.227999743361023	4.0042223562288495	3.375664322862884
3.342768385420032	4.790234622510462	3.395149899853661	3.280411594673509
3.314863535160627	4.796266920549609	3.3285345850955625	3.3547127245054345
3.4372492045339094	4.993496356514573	3.3798526411623397	3.2980925764385725
3.388701452119384	4.31541946538909	3.4201436754046224	3.288840943773229
3.36190101073574	4.510568691868309	3.3544783635586413	3.3420401883218998
3.403195579333094	3.7700827782397006	3.3314604301645048	3.3815565580870603
3.3507216878294943	3.5657482630202253	3.3289510050970494	3.3571471227585916
3.3243050591572283	3.335246311863944	3.433659629596802	3.489327087598407
3.34443217761959	3.338115081523616	3.4389259817440667	3.4359680875848415
3.403378470095024	3.3253942190723205	3.348543357334619	3.4049011212759
3.4015618971228188	3.3673900660848637	3.382259679517396	3.364186947199433
3.357216389633195	3.3436006864454546	3.3196847756923757	3.3533830742672923
3.3556046621254625	3.424220252168596	3.3201550371558417	3.398998689664595
3.4123372783245727	3.376652561256814	3.394967687387351	3.3954321804852743
3.3471286092727586	3.350515124125319	3.3138920014921647	3.376122233544291
3.360024170745821	3.356198574719124	3.31600539176068	3.403161079910576
3.351441514606693	3.4426058662476224	3.317057940629436	3.3381611099592647
4.428461840153841	3.5231272686106916	3.3265483322890983	3.3186613633280704
3.333575697364321	3.336612838077551	3.5553857590862785	4.791264523237123
3.3514086156034875	3.3589229681709942	3.3879857552609054	3.4918053114034557
3.4234330970167983	3.4345083783495056	3.317965530955243	3.5356222426671007
3.3588972511228112	3.368192057424059	3.322158637224045	3.3120005220483053
3.3419736127146327	3.3959203447499964	3.4339590453308677	3.303319192981676
3.334241937129117	3.3710579860192205	3.3554320092452294	3.3343435258611462
3.3477868461273284	3.297290967483108	3.3870299601777427	3.323853206247466
3.3959959325013145	3.3893809109465267	3.3541359704650544	3.3625715281375737
3.351737216898226	3.33740302050876	3.3807853760070046	3.3284126255427307
3.37404964692987	3.3292072114611857	3.3276721399799944	3.4093094648429854
3.3532999913917947	3.3586833986018485	3.333206038976907	3.464008399236473
3.9050298425945074	3.481280814464772	3.4240807145570646	3.4183677206813687
3.3223214116024096	3.716880394781607	3.3559780003816	3.362770377241215
3.384490723300653	3.75157309297479	3.353803661891059	3.3696656871672994
3.3524742668524583	3.706496890597135	3.392448450388674	3.370782808957318
3.393659812015301	3.3657004516187605	3.336729904842943	3.3631496659474567
3.3306470259745717	3.461704493588913	3.3326775657093712	3.517763126734673
3.339691427703932	3.3970908777458457	3.3138095380931873	3.9680648061473427
3.3111351802922475	3.3621386516317715	3.3646375663829096	3.7249123816909058
3.51525845913799	3.344990054215553	3.3646375663829096	3.4590828607958146
3.3242310627265703	3.383729938850253	3.7344467461634854	4.121342564797209
4.023919869992756	3.374805165416422	3.572584799904421	4.6990062724736426
4.234881656665598	3.3656876503553823	4.532642194755387	3.607903049624661
3.330584909854033	3.416526128100287	3.3070060305214777	3.364660317907828
3.325499224418839	3.5518517782219217	3.656218221072646	3.4147455259455985
3.3776634942302	3.7115678609276674	3.8768310494181977	3.402695772854041
3.3512034756871425	3.6959005203930078	3.98646391736988	3.3564379751402327
3.3990440434608833	3.3319596465343273	3.366622941511826	3.606069704735212
3.512741992965134	3.4837515833622374	3.2825200032424235	3.3171258340670775
3.5621241312430207	3.526169670909437	3.3143561057908464	3.4780803846270953
3.5139775531917303	3.557298164727037	3.516541826118341	3.9838915293528716
4.9038476118902015	3.3718739294650715	3.703417542507294	4.361815602077289
3.7248347417947896	3.667613868135102	3.360131115653494	4.734840630982829
3.636728976138386	3.4200473957770807	3.531795384553422	3.4099683570910546
3.469877939885797	3.6162664235403335	3.5032221736024	3.7751225169560856
3.402601499300435	3.905408508850493	3.5644305391884457	3.365395857931686
3.3597333488766825	3.357332613554117	3.5253992208378055	3.4916432890749203
3.4338350611471844	3.334463628116133	3.2901403522616506	3.405059062052866
3.3361920297388865	3.330611466289564	3.49054320072999	3.358929435860386
3.4434330859841666	3.3675442629769288	3.369498252172156	3.329883445173283
3.3396696098667773	3.3609629756764576	3.5315139883516107	3.3687360335704053
3.3572653217075263	3.390853734455119	3.6630441833807277	3.3357274546330458
3.343039524655933	3.393454844550657	3.667116566274823	3.333178587744272
3.3733697219155805	3.3850907745256835	3.3470640490042616	3.335943966547842
3.3577910605531684	3.340069622379627	3.357365170218337	3.3849682947470656
3.352328355409297	3.424258279049766	3.83093812744299	3.350625389007779
3.4711272760673033	3.334038444394781	3.995151215431174	3.401769546238479
3.333610953145093	3.414830850371158	3.6485124160729994	3.328559290347987
3.397840240306682	3.3409927404175614	3.3675787227873224	3.3326716482108036
3.332334796442676	3.365847362088435	3.4599176447538738	4.573627763761841
3.3715375310615125	3.346114720549065	3.370466937769055	3.3184483003200276
3.3801882897267146	3.343328841638148	3.3782250992353955	3.4704132115646535
3.3880067265281264	3.3749431479957477	3.449291200365575	4.763955326064413
3.3693621238667317	3.4074494292171025	3.4536473180528984	3.3506003094356562
3.3263622988247707	3.363531214722941	3.3789530328663266	3.36734962446822
3.3581925807900572	3.3497876117579595	3.3971396763644144	3.4249685734080377
3.3917610071949102	3.38250162581991	3.376696896163375	3.500097275437672
3.5014866242539266	3.3970295733169333	3.327134018015426	3.4522573453512218
3.3378064164865817	3.3822927688020368	3.3348570904331987	3.451604704316163
3.311429022805261	3.497494237681419	3.3706943176539603	3.4325715644786756
3.311999486813293	3.385497507231433	3.3480742844610623	3.430934312230109
3.3481416827577815	3.418555038845774	3.34793503390775	3.3411821874555048
3.336844167082214	3.4110933343792507	3.351361004296037	3.578338664759862
3.3303633373855757	3.3750336016905917	3.3760284447307782	3.4195347604547903
3.3543168306488864	3.4532725639470545	3.388071932115201	4.29684396279843
3.4060433114726463	3.3446728074685215	3.5686737877065973	3.5347336719653235
3.344296141234829	3.3328755570693316	3.384172421661464	4.02911019129014
3.363280024102983	3.3280570281760165	3.3947833068720352	3.3522621871621734
3.3982709890824414	3.3668294081025563	3.365119010360443	3.4028431222600313
3.3441800540640063	3.418440401744961	3.6521932065769525	3.4216697209773552
3.3411813890970663	3.389385660769957	3.4222462666011446	3.6560593338175633
3.3432544736198797	3.3697573381986397	3.6261848827552727	3.5065900769301654
3.4057561235742986	3.331717303117757	3.811047776497497	3.3319846740617667
3.395730694496493	3.3373854928094326	3.7919999076139392	3.34637233637497
3.3575911424084763	3.413735310863998	3.3508146538667103	3.334959319459522
4.454355328376172	3.421324600868649	3.417925267607675	3.4579884887189465
3.9374334141784284	3.344019709502336	3.364107565218417	3.3571170166543007
3.3893320484506897	3.420702539375998	3.354563097267447	3.451543933014238
3.5615601825544694	3.5471023828638244	3.360769670578755	3.353120227539883
3.8213743035852277	3.4537381787707835	3.3697689216267177	3.7041976180989344
3.513369453059107	3.3847920617059457	3.3605863586721987	3.4273815740529265
3.42287170905574	3.8090246521255677	3.378548911847595	3.4270019785146864
3.4270917291134038	3.506122504193896	3.3348034233674335	3.413042438032442
3.352537029738671	3.344823863902135	3.3244104462732347	3.3418446900333025
3.550128682346397	3.446524748618747	3.439412702570015	3.3416891415917505
4.075520920853286	3.4607189851978495	3.3153909811726017	3.4052264248594373
3.467634164085394	3.318862921534963	3.4193015158601385	3.507973563568304
3.378542969916473	3.3004190609984416	3.358872228392484	3.5112784583978387
3.3723272582525894	3.318124771463659	3.4144113798261237	3.338601664653911
3.4116486239637105	3.309172860141285	4.034342321967905	3.348418748374292
5.706722440351146	3.3136252369066543	5.116311180936779	3.3646100183740084
3.402444684434371	3.2954912485832413	5.823356408206082	3.3671960884407808
3.5227823320965093	3.2964093922903848	6.103132575188572	3.327613117368454
3.342417201550241	3.3068178844821574	3.3312478905358853	3.7434160167869983
3.3230687370258165	3.338096731731544	3.3328336831403425	3.3725598160379517
3.3474207749513356	3.2886357149315604	3.4586608355163895	3.3654645213081755
3.354978023412576	3.2886357149315604	3.3290281949249776	3.3244579235847245
3.425200585484546	3.5675434017330225	3.467947785252349	3.3794365082587374
3.416741829709824	3.42579065228463	3.6591556666396734	3.4047560341969962
3.5165398706466178	3.391969366209753	3.329161316847117	3.3459744295333538
3.7141342487817353	3.3568712402224268	3.3597040759155328	3.676669170762396
3.522883113791178	3.3511451353723714	3.368458730116568	3.324671564697787
3.282896704982552	3.313660348700607	3.385727671142208	3.344826087911181
3.5505057577843235	3.2899275292382923	3.362457252330135	3.3653011971955054
3.9710045308158217	5.433601107658214	3.450863713351477	3.3839179595170052
4.308018848926291	4.286875113421309	3.363717477545863	3.363947076340244
