2.8192531882377283
2.8913877716474925
2.8405692931190103
2.844704614628661
4.735912024207952
2.9313583805202255
2.821418641901601
2.9152487485179326
2.861018004205555
2.8416231893735766
2.937441406204292
2.9874835468670606
2.8456727135250377
4.808143474159048
3.147820085201913
2.8667905478593254
2.860340029869
2.864951901158694
2.9621499606062427
2.8529939810132943
3.0988720029900754
2.8981049900455473
2.8744017275246705
2.876753235208591
2.7968633554801037
2.819194406055685
2.844229685038717
2.8277963971435134
2.8848978765344016
2.832246020949552
2.933070108766352
2.8934331561375113
2.9291197148780945
3.200033999801554
2.852392510205623
2.8598774088104655
3.130651648460465
3.0626332428343304
2.9320911082312184
3.3474950192672868
3.0392834857749675
3.3436251322863706
3.135912169016168
4.611565788256773
2.8697014777159104
2.8660140993081833
2.8752664576451976
2.879717101518877
2.853061110414366
2.8994940550041934
2.8893116068136484
3.2398610771260326
3.2081966844671896
2.869868860724462
2.860154138406812
2.828310076415836
2.8623270353411048
2.985338180685089
2.8833317026980234
3.0404845300164496
2.8900688067889306
2.8320921283888625
2.8427470825471057
2.9161113129100746
2.8879515354640177
2.9381571072442236
2.859472287789064
2.840300702989476
2.87779025278723
2.86077365148263
2.8940837949011415
2.881604417787426
2.912440594261448
2.8426731974403485
2.898056571657106
2.865366069706954
2.8574029825164184
2.887703033314002
2.8553803196346044
2.8645640534983396
2.942085719830218
2.888603468134878
2.8508963427138774
2.851665870495464
3.0104671574388027
2.87881674369277
2.8539431997331817
2.8434334713452434
2.9369555773121316
2.8619171869594946
2.9132165434385664
2.849988405321796
2.8693941772909004
2.893870831069781
2.8329641491356456
2.848866401054682
2.848250851942799
2.868989697782864
2.8084158068811083
3.324085636079059
2.8660918866052265
2.8524838716472765
3.098526165392518
2.941214861199642
2.871223804317408
2.8583989153268075
2.869612381909326
2.826679969243665
3.3277564553950776
3.4615887533685235
4.13365488308866
4.982298387592708
5.038991810554954
3.215420850038003
3.193721124219852
2.9579997544249736
2.8993800480885072
3.0830714999747615
2.8271717208639706
2.8604193541161496
2.8339136888467484
2.855671440828565
2.9348199900839225
2.8742968386994976
2.8398795812296136
2.845478263364618
2.89870977482344
2.8508628130712657
2.8438140397065297
2.8333184478341855
2.830778956851208
2.8259099049314083
2.8914571123857855
2.882796091025452
2.838523866815126
2.8680342594957615
2.8645601513838432
2.9518558959134165
2.9333925950426507
2.8240483251391266
2.8721490553742735
2.852491415673679
2.90953887111767
3.084857445540396
2.8502476174047535
2.817125226897268
2.8257088336126652
2.956985854447817
2.9214894244208174
2.8730143886767117
2.9638317108100196
3.2418395024596887
2.8258225571058926
2.8424285589206266
2.845664570246294
2.8571381305588393
2.846955441635769
2.8675535543410833
2.92161207654538
2.991838237104111
2.991838237104111
2.8461577425485705
2.874420203471554
2.9054730282049386
2.859473697409008
2.8547106007816203
2.8321747292257795
2.9115871801150597
2.886965343668947
2.8659548067102207
2.8431559440246743
2.8492045041886493
2.868355730019293
2.855723989062605
2.953790486265932
2.9766866799436986
2.905119898834424
2.95944244100286
3.190045862591246
3.190045862591246
3.4097367151031004
3.0646472251244328
3.1946735765182064
2.967857089330484
3.0027853091709074
3.034457970488878
3.056812579680016
2.925374141905191
3.082476343240503
3.184589920677756
2.871024751950433
3.6789844105188236
3.2365357415355116
2.8930729098463153
2.9793012178594953
3.1172886822093164
3.1155335353301323
2.7930259457769386
2.7930259457769386
2.9599536830699806
2.8975466806804495
2.8344224272200815
2.978154424913396
2.9120252228911188
2.837020909812349
2.845310398361395
2.845310398361395
3.034861699661526
3.101344090466771
4.4653447474798
2.7833910137084192
3.3187483310919066
2.783903121600654
3.8194980067679563
3.124112244224744
3.0640048396242783
2.8122799639406333
2.874622518301628
2.9584326367535527
2.919616019273717
2.911866423777136
3.409757668783159
3.183951239196426
2.89575866801044
2.827907238159905
2.805289584790129
2.895021202884247
2.864945135552964
2.788259900204781
2.8932695031480997
2.826521819260586
2.8218712667916517
3.148770829583662
3.0130235515603547
3.224774035896921
3.011714423416157
3.0049185971651524
3.0415705211300437
2.8518190496520077
3.2889344549120882
2.9328266887034404
2.950674745816314
3.530735624026727
2.9026976590578997
4.276326815478542
2.95879908252073
3.0670251720544273
3.6465996880753275
4.0909916324290085
2.8225381933027056
2.93483144321955
2.904813027694656
2.998924211082815
2.889203404901854
3.1927869633165247
2.833944884133068
2.9796838227672966
2.881588986495486
2.8670943711762384
3.3770822668001887
2.9439233900622237
3.0120869461689
3.0148181212239407
3.026536784491771
2.9607211056958045
3.505141582202184
3.540289253405425
3.0975611666184313
3.005033858503641
3.200474381953604
2.915806875502519
2.846812410182622
3.233355397145685
2.892929492445514
2.8834266247470404
2.8705378399986756
2.8565976337252588
2.9010905206234447
2.8525179686126814
2.8798708900025254
2.8589619138892144
2.8590585800439787
2.873331245612081
2.868715997324963
2.9181878323159616
2.8400517968212746
2.896596501133533
2.878970772365206
2.8762167187736445
2.8975510270699485
2.8684870077022007
2.8435785955276804
2.8608697260839557
2.8986138557850643
3.00149944523633
2.832125880430626
2.9117551215238704
3.0590102816797824
2.9129274306152917
2.850792181320708
6.361875313369584
3.1364725364343227
3.377382139895254
2.9709028486218205
2.832864098831162
4.083530315027897
2.9649353604189743
3.096846854760737
3.048023720350738
3.5021732343589678
3.054346256997542
2.9049010059963267
2.8873329348237595
2.9346519203381076
2.842985888323036
2.842985888323036
2.7911759600056714
2.830233395522456
2.7873833714748155
2.7873833714748155
2.8048290597287093
2.8021845826693057
3.077041562583028
2.7780565968738644
2.8043209274331615
2.8529000419845123
2.7739405037064375
2.917771673306916
2.8525409514824025
2.8031339628535643
2.9311053239186027
3.003214573277104
4.164064849980184
3.7686135961172345
3.168100173464796
3.315655411861332
3.0337313963719024
2.908639265274973
3.368255265038687
3.021341431172787
2.932305975217678
2.8398712245764255
2.8375292928685396
2.8521237878559145
2.8618987759119103
2.8341235972088206
2.8281268141860645
3.009754309105846
2.9312126497049107
3.1139551134741987
2.9711918639595325
2.903492817822084
2.852993311535682
2.8721880055859788
2.8787449900930615
2.8633899626161408
2.833873172202786
2.9374082061239726
2.8265575927974655
2.8292526938500355
2.9236300936560387
2.8583883115459106
2.9274026981810977
2.8413627976315894
2.8518903933675293
2.8303629180330248
2.989162573966821
2.88709808802811
2.8530526752789065
3.1031360525544933
3.198994771741453
3.0678776644476247
3.575480786431799
2.860541674940066
3.0966671627642195
3.1073785385496437
3.1073785385496437
3.2315554169094787
2.864120586834475
2.807354637116483
2.7931644182332955
2.815588200467211
4.343583292756463
3.6074192174126924
3.459669484942992
3.648717983106909
3.6294917587338404
5.029295964310094
4.871187901349219
4.871187901349219
3.5531571839566705
2.946724438527642
2.8674526994787266
2.8525819642869816
2.827106572494932
2.865128127334625
2.8504290097951834
2.849562664444435
3.9784242879739136
3.9784242879739136
2.9040252919279492
2.885518419838029
2.8457949812032286
2.8780809663948625
2.8910772078401488
2.8810683178843264
3.080586649761531
3.5648521160556
3.957944412413535
3.2470377263662105
2.8951247171480006
3.635061221390895
3.2691210845339365
2.94587900091995
4.997102443756634
4.1911069579394065
3.6499614206418043
3.0310623417904723
3.0310623417904723
4.957707636050402
5.083211242795423
3.194735599576812
4.239493256494345
2.950717883778791
3.948330916980527
3.8737524725786354
3.834302364914259
3.038091311797611
2.855968567280706
2.836555461654517
2.8573594711137873
2.989468714890757
2.908613653123636
2.8497837332721687
2.91361774608844
3.0228423533139432
3.264789602550768
2.888898882949958
3.976731589902346
3.209111040722704
2.963453227262974
2.88326174303659
2.974096137665682
3.4342893654497346
2.908452762249431
2.8562842842997997
2.886773203181474
2.843133775508718
2.841058713233992
2.880775346933114
2.8379662868424558
3.3173381763889793
2.8351841865770036
2.8583612503954514
3.0241797062474327
2.9810103332161106
3.0487338867040816
4.304095705361156
3.188514928816769
2.948175780956634
3.0045118754472075
2.8869009966533787
2.9559967057532033
3.0857654830935104
3.1283119369705084
2.9667595956789325
3.1736766514617862
3.025456188118838
4.2977958315064715
3.0398690487165694
3.30968341091982
3.8488311543531912
2.9956283423810963
3.34584855636833
2.840253045362232
3.053625780817345
2.857896615929529
3.1513964425918486
2.8191276557510245
2.9873577339007857
5.197076999192098
3.5590588362877824
3.6148225525623707
3.2448995059358814
3.789182588048475
4.135828309759115
2.825911073449287
3.6287721667207036
2.963643439415433
2.9754315517112984
3.3908068455637306
3.4335793902280307
3.7007437211290966
3.444084667151089
2.8506745756598066
2.890650791781585
2.8330935512893127
2.896502300590713
3.007499282201575
2.8719328279018823
2.837788583915917
2.852415428255429
3.6401244442442757
2.864035725330904
2.8765215598024945
2.835468231808645
5.136933378355083
2.866821524739966
2.9190896130732336
2.856516204112686
2.9198053441487564
2.8407435776965198
2.9270585641950055
2.8462272602021947
2.9609882183454608
3.0752573506859915
2.9815777268347574
3.8832161192703216
3.153035321285487
3.1765454064259533
3.387956804929271
5.099330709658876
3.3989121194600203
2.940908586093723
3.4012110016802186
2.7911330099230742
2.7911330099230742
2.99273066163674
2.835118034949642
2.7925042910387754
4.615314754986849
4.153535537755278
3.073590022128763
3.0597527386743026
2.9608835180639668
2.9279676998122506
2.82118650963698
2.82118650963698
2.82118650963698
2.806978037428756
2.8142152822647164
2.856992713375175
3.5187880519819066
3.209112854050738
3.209112854050738
3.323126762795591
3.5994762156304363
2.8361326165654828
2.8833411849760493
3.332086606633052
2.8682962950379918
2.8842750602346814
3.9863955218553593
3.749507998372702
2.943609898178391
3.309091430694188
2.9116932240063034
2.859532792655475
3.063778134226446
2.9753255913295873
2.8230318477438923
2.8235120240010056
3.0259611768179178
4.906258862049383
5.198607232278446
2.869032021165675
2.7834076296311254
3.160280033344675
3.142626102543386
3.0913685781194062
2.791348476255964
2.791348476255964
2.791348476255964
4.292046809625623
2.9843522048365987
2.9843522048365987
2.9843522048365987
2.8435701216024336
3.658661429238013
2.9990076301345474
3.0941035649043425
3.2955457741486063
3.23988489329017
3.37133446308905
3.6822003666222924
3.3725686088375015
2.9658710548468337
4.426509802123674
2.9664733455636094
2.9136138023708122
2.8886699448547137
3.474601944934151
2.8738848600150675
3.3814700870465013
2.876968034072365
2.95232315228952
2.8327451919301714
2.8685450019830285
2.90211955335423
2.8339604080456926
2.8641258584329052
2.880987818160679
2.8531583791370645
2.8866158260316643
2.820837484207008
2.904670491025989
2.841685746378632
2.8970583066829514
2.8550545815852435
2.869327647943253
2.861749181391406
2.8699862550365243
2.8479095398640912
2.826029978189028
2.873802397103152
2.8713756722818586
2.8645630263492854
2.858870120959173
2.833946116431258
2.875891649233087
2.899917789058912
2.924220652095466
2.9117101352033323
2.86874873107776
2.864512346154455
2.849202087806405
2.9871370605934744
2.996859973085149
2.8953826412756754
2.879438702259006
2.898377623791234
2.8906811416121907
2.8857804925523474
2.841838127427504
2.8461256536507107
2.9256757946697434
2.8826390032414744
2.8638969666069922
3.3125004972589975
3.0526764885370277
2.8688930060133275
3.321111068451945
2.890395464408062
2.8636964338607505
2.8478398995363112
4.359123017866535
2.868454876640695
2.8297108429595013
2.845412640507851
2.8988840680115673
3.0519639968350774
3.0168750537325737
2.876545205614902
2.8747424285533363
2.826694347592862
2.9238110772543475
2.8554582504839936
2.8461530794588095
2.9244399349834915
2.8314235177508595
2.884751955269544
2.8424543833011713
2.892822968385199
2.842760995137337
2.908960285991821
2.8342041956439967
2.884442597094951
2.899153119413949
2.8506476377876853
2.91567828123829
2.8510912328138236
2.8641653014549777
2.8472057327616067
2.830061943068625
2.992820488824826
2.8327814643753095
2.8516407787797045
2.9574396637680485
2.894121465115007
2.840830146863187
2.854379328562772
2.8719476144398914
2.86920451663716
2.8043487784542793
2.853813326033466
2.897973032920194
2.850812316967275
2.8369282812469034
2.857673620355643
2.939515011827617
2.8420741773662606
2.89768466493239
2.9726247893940556
3.063034607761151
3.1353252006431185
3.2094492784885995
3.0109438543277585
3.339753753296659
2.8597427330019856
2.878464298286728
2.865602915296578
2.9260478453758303
2.8561144602015944
2.920974301814679
2.825750148038896
3.0074141013178943
3.46772621408262
2.9570498328359616
3.2051764588487934
2.871651081841799
2.8800597677775412
2.8983851511646614
2.9111473862118755
2.879026255940178
2.850424614379074
2.909832296463189
4.850472498836538
5.4328618263264294
2.8260376153781053
2.9113331259632855
3.8325814572639527
3.004006043749593
3.2136663025239827
2.981722810069902
3.337437113681113
3.458971835917985
2.8632454291556724
2.8478660366237234
2.879771166152005
2.853613341631178
2.866252328172079
2.8655754101676205
2.864185556104919
2.8408200642021413
2.8766954652560237
2.8549315066626577
2.8702006692546145
2.872223411725711
2.874240884792478
2.8329238431401933
2.8388573412393674
2.8869384706021206
2.854815080926036
2.8794085282734176
2.878324471786364
2.8579221133496007
2.930771797013666
2.9209242848598467
2.9316734001551117
2.9316734001551117
3.4772150306003207
2.906955543303781
2.876528907912606
3.0522321325729003
2.9193729303799123
3.4978263110604138
2.8884991959772304
5.2701601718037585
4.0616258079708265
4.828457218685162
4.4939789509909405
3.21231299635033
2.8788691531482202
2.895573178426307
2.8826781877700185
2.897278089670021
2.8594683627610658
4.623237459824969
2.9057198947003737
3.270110601615028
3.270110601615028
2.890541813940467
3.743250339494678
3.233681246515978
2.9771977788863238
2.968268396568111
2.9215218599479194
2.892381390695606
2.9091659870700646
2.853410918556997
2.867476902330637
2.89530536144552
2.913420818247453
2.942859681314765
3.478216865854426
3.1086652565726784
3.2508274089723397
2.8698995862142107
3.482719354049249
3.2538238583589205
2.888599980203815
2.8370479797918984
2.9075225440381804
2.8853699415853398
2.896187554262647
2.864646062599124
2.9107322109468208
2.8227499617307847
2.919813474170411
2.828340352676875
2.8575102167826185
2.835401422295495
2.8520208001410383
4.335932570363658
3.398741375922909
3.728682570026136
3.1808922135352247
3.698633779166557
3.23864961331749
3.127337100494444
3.4859895997797405
3.289311414973383
3.120608775654111
4.030924405032163
4.030924405032163
2.9805755473265045
3.2565023818596965
3.1733121295308067
3.0170751688751327
2.8381393279668083
2.959117765484855
2.9386493729689693
2.824239170129282
2.885886595108968
2.861051428334211
2.852655257551999
2.8643139187715567
2.83848432951595
2.9127778710690615
2.930401516141151
2.901810836990391
2.8410870398386368
2.8420995781326805
2.8621154969230065
2.847273608643425
2.90519949285761
2.851624946701415
2.8946722116236128
3.1594083662323356
3.4959705404810464
3.1304999331209964
4.0374792517911
4.06390818205411
4.06390818205411
3.3148991216951433
3.586903915208785
2.9573918838026176
3.287800606247775
3.01698091613792
2.8032069668716857
3.062718123053802
2.8137133111448684
4.482015851627237
2.8000199713943883
2.8838705976810086
2.857050701991147
2.906292561184042
3.293420340610497
3.1173582189281337
2.8189885106088877
4.090099759458271
3.354985887312945
2.8727322622289995
2.843369723516643
2.888865637145066
2.9148087461105567
2.8683479143135067
2.9145371508323374
3.449638343046971
3.0217233664056846
2.885688162790336
3.158093299795136
3.158093299795136
3.664940992909584
2.79687398718326
2.904834294090609
2.8826703209461852
3.1870743229467884
4.120388005437576
3.1089078209034975
2.9131112638898804
4.1669458529729395
4.033795574812315
2.8762296741672904
2.864575524241699
2.853448684066472
2.870807231466991
2.842340981812966
2.8556181441365673
2.872794951230711
2.8489406165800517
2.841804923441061
2.934253960547581
2.8665859018547657
2.923906055450461
2.975962784616013
3.1890544620031966
3.061000034388022
2.862579132345171
2.860877376483496
2.8477075363401334
2.8914286266931906
2.8276001344147907
2.850543397844085
2.8929408379779558
2.9296353158499002
2.883490544815186
2.896465767796347
2.8720516552698174
2.840121814112977
2.8673729115455027
2.816018829734325
2.87026949355901
2.8928823401709076
2.841278158592188
2.908048412329453
2.84833836094617
2.8294830996549525
2.8753401169862625
2.8544760040699213
2.883968730779822
2.848769922882331
2.839270708033836
2.8582804907518025
2.871416227208547
2.874297915013435
3.088149854591615
3.0396541601059526
3.2553319307431194
3.1592923530605432
3.1386583978917217
2.922849491324322
2.8672018079723185
2.9824058397374316
2.8426326774561224
2.846429652921416
2.831466911059877
3.0065288797974157
2.9464333794792994
2.9001770622694307
2.8615117971814072
2.9803529645038105
2.8321412823970604
2.874695192082787
2.8764863601627835
2.867492422478332
3.8625434196954402
2.8660267463113613
3.8748541444897735
2.856543400519804
2.8373086288447813
2.829792740961139
2.910325973547345
2.8462113011098604
2.9569521441609017
2.824905030199474
2.834632974447512
2.8636078202606905
3.1807658855666574
2.833273016419347
2.8673258493109666
2.9082220780582126
2.9612953536246365
2.94737672352999
2.9338347438255514
2.8298162230376094
2.8503329223368303
2.894653332337618
2.8864988546785355
2.8886576864147364
2.8709537412527055
2.8574821007554863
2.851887215701648
2.867555648760943
2.8412422897025076
2.9273399252213697
2.838055357749862
2.8377240107406587
2.838832925012542
2.8514600503172263
2.8721595541234057
2.8766279285026037
2.901326690989151
2.857785831283656
2.866419922852386
2.837998746936808
2.8971577670943827
2.8677127871316634
2.9029452180940067
2.8523750507153487
2.959226653604765
3.236124483067971
3.129416888726295
3.0720982976653235
3.0182610275928945
3.0182610275928945
4.140077722431891
3.497174893691571
3.014463920930086
2.900107615983814
2.8602004703287442
4.774238798540321
2.880179307009232
2.9738383351035464
2.843067422747658
3.044938979182244
3.9543560087589267
3.2237407302509937
3.1827490710369917
3.282746838863337
2.81394427230752
3.5141826484912437
2.806528549281219
3.1287826434434924
4.387832356185994
3.2810389953209755
3.453299761362506
4.623353882872536
3.3928656735922207
5.834853834401001
3.0579056057997125
2.9501275902652786
3.107168009615132
2.8741168811998286
3.934014106445137
2.819783637063704
3.1582068352349957
2.867981964462958
2.822778128997498
2.8654073486428024
2.9892879744175884
4.405324111480622
5.0032313481548485
3.7084087443033007
3.2211906590399493
4.228441014279317
3.1248024546901236
3.2596003326830982
2.962982142574885
2.7912239221195847
2.799084921252584
3.2949906824360973
3.086574901634415
2.9069938884494713
2.9613083791850237
3.8087224677787326
2.8931040909495276
2.8367385184752183
2.8787696775159093
2.8559205644210457
3.036830493993534
2.982716331853352
3.073949646074785
2.998125478117598
2.9362311986827265
2.8285307597913856
2.861646786950475
3.812770455997766
2.9354046675803325
3.7903521192839755
3.0039304797885396
2.829152250205189
2.9502861670223504
2.8693467826897288
3.0546228584437385
4.66491336681035
3.005064724427771
3.063627602955731
2.8652609047958473
2.8793267011662795
2.869807681951852
2.932417183583628
3.9132435832127586
2.812207985935997
2.8626194446122795
2.884388297245861
2.8923603866736625
2.840227176975424
2.969497919975168
2.8487447033305666
2.8816105316322034
2.8630644730175963
2.8733211932126577
2.83315741217864
4.319006900206309
3.051328227615951
2.8743185787535426
2.8439344748131044
2.8317497725226497
2.8865865729887
2.8712228842191427
2.8220186667843614
3.043135449978339
2.8529536880269877
2.823922290062204
2.902514740988878
2.8431731364849617
2.899246482225266
2.8380220416532267
2.9963380775687316
2.838422968806507
2.837327982681516
2.8215451669977103
2.9572201131886566
2.916860949344427
3.0964757647008967
3.2515350367313967
2.896239133649722
3.157024842083308
3.031017822578399
2.984121672547555
2.8488933597359303
2.850613286318148
2.931834836466751
2.87601651462389
2.891699859415705
2.9044733662239866
2.8454595591677303
2.9115804990391165
2.974441514957555
2.9992055223252025
2.8664750376799457
2.8534649405792862
2.8783423535666857
2.8768845163747767
2.8743536778314684
2.872779061026385
2.8702509920587103
2.8371436899281655
2.8767844086573975
2.841509084726736
2.8773073957776827
3.9278132542019124
3.106148784177888
3.8112639245504427
3.0079602479104577
2.835996432703603
3.1363709115935725
2.9169553439556264
3.0090533200779124
2.802303274966066
3.162995421855513
3.2916951713044713
3.114971518670527
2.9167106765786333
3.6231114928295716
2.789429606551458
2.9181504078257476
3.3966980650430525
3.303030509355196
2.821423975199898
2.820885025381224
2.818471929055142
6.315153005250802
2.830738408632586
2.820898006682525
2.8827138553629794
2.840061477722232
2.8803722057767063
2.8550786688747567
2.823724486872334
2.836287672984691
2.8262096813317417
2.8528003187883617
2.8465671336372873
2.890004962469208
2.895206596053984
2.8565328129125906
2.9367318987638344
2.850712346084776
3.0860317897226546
3.1994516735868728
3.3207255713932993
2.851262037711906
2.7932379249385253
3.066484049870484
2.9054328609294116
2.9714182450370856
3.0626622102990115
3.9203220995433776
2.8086875054537273
3.04260854722028
3.024373152983168
3.172360797934993
2.911834563471864
3.45857781925194
2.939479967411866
4.961928061548225
3.2687556715781536
3.9617398185947073
2.901058837267004
2.978316906621672
2.7971310529969546
2.812837273215262
2.847301955484508
2.832579124353246
2.8683134144441125
3.094476622435162
2.9132381517075947
3.1023009803698236
2.8173691459551677
3.5257835172912775
2.9205275362305994
3.340484422256769
2.9609137768780984
4.273207860950993
2.919829756654208
2.8387392084743284
3.2386955341652435
2.8726385660062115
2.890298174829816
3.712481000784494
2.8482082985022195
3.4204733760859884
3.051966279679686
3.4686142585769946
2.8576070448364344
3.0755082084059335
2.9493625807591486
2.888980807152742
2.853607877196994
2.899974457446891
2.888736084713679
2.9725545000829836
2.8510595234820917
3.262448684621168
3.362177389212989
2.783761816640779
2.8017184356536635
3.1528508755413887
2.797373665831259
2.86305523020048
2.9847834805656497
3.1833892538402173
3.0414354708019316
3.4001001956306123
2.9766576978339256
2.8538901330444055
2.813840726871879
2.8102856873284954
2.8465368126320425
3.1537104343348723
3.336089192105635
2.8572124688653853
2.8713684786660836
2.8372278215633817
2.8471695174220653
2.9073646582710078
2.9089313916910724
2.833957030020807
2.876750963726357
2.872977891340142
2.898107146481797
2.8313579736829464
2.8762184051135513
2.832174974470438
2.844669050857743
2.9017563478687114
2.8741733759325587
2.852508015325714
3.831598885855213
2.896616211275151
2.881723508528389
3.7421766687189257
3.158673133334017
3.5907863525332475
2.909025349613942
2.8443325040898784
2.860216084397861
2.8530608740218106
2.8522144155360634
2.844357264002467
2.8492056908530996
2.889367850059061
2.8858406459695853
2.8502776386754016
2.848970536923139
2.88726363787572
2.8775653118624462
2.890618860376067
2.9304481366513775
2.8666513308421573
2.902958234060481
2.939973800343156
3.080144379317796
2.825229288492218
3.7620004777644045
3.02123131224272
3.4361462268002643
3.200716058451733
4.575415237948071
2.8554082548499538
3.301833509145891
3.29867884624573
3.806339105323622
4.062006208782989
3.010248639484473
2.9198169080494973
3.0568722822067036
3.001266859439445
2.879159148160901
2.9622484944473735
2.8896795618293014
2.8910439073038936
2.826884587320552
2.92043035276563
2.9116680459158135
3.187703189887973
2.8329834623485386
2.85022229671726
2.8618371079688885
2.9143733758634722
2.948011526488783
2.897440827248898
2.8308692643093263
2.8538101941307827
5.299896954053642
2.897605340659615
3.203866309672031
2.9386848260959786
2.930229572622574
3.011480607610669
2.933065653915712
3.541772799165511
4.147869970544173
2.9227760155555425
2.8549102687247636
2.8620895835382463
2.8234401821225275
2.9031813869000773
2.844509516875975
2.905874480550993
2.873059657634747
2.8642670414982434
2.8408405292380445
2.8683109060530536
2.841021697257401
3.0433759669701512
2.8592534090652997
2.8561426655908644
2.848095591833189
2.9141171432258677
3.2830744754174335
3.635894860077786
3.5349484920065835
3.0339423011423046
3.7823477939471686
4.0818315670193
3.260183872398056
3.434048743001077
4.723462941088046
2.992114075641063
3.196073101296322
3.2925563079350395
4.375403499531492
2.8493403609132235
3.4530581670397
2.9713907009364684
2.8220929137520274
2.94235146950985
2.8991534160709542
4.5248069880461035
2.831256628299782
2.815541868604205
4.05008461480111
2.84792184955633
3.4242605619656934
2.9323826864377835
3.4998227547164715
2.7953770850993616
3.1588354173144606
3.2654109981461588
3.4811753763140008
3.2713036467355283
2.9319922999586017
2.8812309104429352
2.9888476453431596
3.1339967585686144
2.8869916742755333
3.7840199215380466
2.815669511193045
2.90857888513796
2.8399978416221123
2.9135364839719515
2.8278336112814406
3.2553961284389183
2.9179909259699826
2.8400381875944687
2.931341534273692
2.9221226385178176
2.862215150744373
2.8291632715775257
2.832146215112618
2.8386122666523144
2.8808033928965844
2.9036411922443532
2.8547737853293933
2.9147598144514304
2.8827298209164827
2.8790193289630577
2.8629544083081964
2.8759368826101883
2.8659872782167484
2.869510731348546
3.0111099282870635
5.2025384306707085
2.902667198438043
2.859516327920033
3.4103443661842
3.1587172667710353
2.9801622289547547
2.8070414411226263
2.8854985740739965
5.4131664576617
3.008747005667136
3.6325359718907446
2.9408015253779762
3.598307420727398
3.642758633432532
3.4261260369474926
2.9363851164234944
2.888107774799709
3.222293861771904
3.397315257756474
3.8887180483411665
3.4662066897631885
2.8141807318562457
4.258744726367335
2.822059973185019
2.807338640407177
3.1693639459324783
3.7569230327929137
4.602858828460979
2.856113424342855
2.9075567666163593
2.864379431921084
2.9096511852119047
2.854138113174044
2.8634806165403073
2.8556766552035415
2.8534319130892363
2.845471354837443
2.8511999328747812
2.9118727521513987
2.8786143954351164
2.9155571930247253
2.8368892726698283
2.833961715094983
2.8904696454095635
2.8204647982546023
3.316926971060095
2.8559208509677316
2.907233220316334
2.9023688098683706
2.939598892010851
2.8065219723357453
3.0049754555959067
2.898374572156885
2.917365635858431
2.9175851261198975
4.172963470318283
5.201264942547334
3.5733867782059754
4.010235068131644
3.2851837319855957
3.2802504966595594
3.1761479704861943
2.80250807983908
3.0151388120568914
2.850468543645963
2.8551978278284924
2.9202149881160895
2.8362715864890595
2.808782709401652
2.8515331524136895
2.8281110933948055
3.7995750949084144
3.6472282465454233
3.552234818834961
2.9350732148824346
2.8690173418092066
2.825540383099583
2.8320880122463494
2.8230623994406963
2.824605516529278
2.9758178187427413
2.972117743922863
3.1491968501284866
2.8241755988794766
3.1671255105341816
3.9662069735323913
3.466114642090962
3.017161601150654
2.890421909363393
2.8466528935392605
2.8483421168509104
2.8940713202980173
2.964188012279884
2.8723135993647233
2.791486043810935
2.8302034917119743
2.919036122864533
2.8494803125676227
2.877146894149901
2.882536661225756
2.958901047624466
3.0465403812349807
3.179160393517345
3.073213845807843
2.8776591578101844
2.9278372287006817
2.8407845957303977
2.883707096240068
2.8386921785033117
2.8419000695940255
2.83452908658459
2.902720898391812
2.8503640581472065
2.8682906726781074
2.8447871053895746
3.0202570134184334
2.88197347821973
2.971037512702354
3.0920660032338887
2.888613703310283
2.94517092739572
2.989473949364805
2.942141690653301
3.1168889549258143
2.8816890395790224
3.271315648234352
3.8228572005318706
3.0327342427426314
2.869858268739788
2.864482572550834
2.8889503812446624
2.867171273698392
2.907142301708387
3.0452683543615606
2.850372723932902
2.8530203019702154
2.8888248120190108
2.882091966173541
2.8679408242750166
2.857675369851215
2.8700984916528887
2.8362471149851625
2.853934185628766
2.8641980559404003
2.8458241760424023
2.8553084716470574
2.8343392088240202
2.838821303851099
2.9505604347398333
3.68963974744024
3.0129984626645525
2.8937640327857532
2.860845477871908
2.869580633818557
2.8351371345451803
2.856505719195099
2.9398419607382236
2.850980285307654
2.935210040095586
2.893640285313658
2.844751015521226
2.8587859776702347
2.861770701065875
2.8578198565888755
2.8651897093719025
2.854498481439669
2.8702005867648444
2.8613558640832903
2.8920094543329444
2.8836728207440876
2.913313299092219
2.866290625128806
3.1350253987038657
2.8944347056226594
5.819154623031462
2.955584212812666
2.9815489214463327
2.8825524196681975
2.8635992766567226
2.8497856036090137
2.839534969025343
2.836771435223091
2.8820621786309735
2.90210499897744
2.859831401384209
2.8606411434344268
2.8634042655455376
2.9287063595655036
2.9139592272382466
2.8456489940442937
2.9344075299287216
2.848631158056614
2.9458079214072463
2.864610595422888
2.850979567880497
2.851382864385518
2.9132833605733452
2.8647515303242432
2.8837162951526825
2.9146650431009333
3.7856063078062925
3.502688297449701
3.877260093839052
3.062499878001383
2.9286265516132994
3.1540144357804794
2.87832757107999
2.9251320406752708
2.8546976347794883
2.860907324561327
2.853654060336585
2.8564001686547105
2.8575431047190976
2.8091844224036646
2.8560090184704685
2.8468171299557374
2.853563314782959
2.8295457992617026
2.8661723173630533
2.9397483962710926
2.8337687859725613
2.966119535463115
2.8599857782166054
2.891214042751305
2.817325477407203
2.861674417351387
2.8649597482596136
2.858130681373839
3.213266411983369
2.8800989224594717
2.835461208849445
3.0138733636947355
2.838891219638194
2.8851402221139257
2.845596938581346
2.839179084965969
2.8890228583584885
2.8564142060239313
2.8571541203014963
2.9352529051017444
2.9599640581939246
2.866381758208678
2.8468466596505544
2.9338235532175454
2.857230453988625
2.8583506278965896
2.8608449847486286
2.9031235537639057
2.8304639143341848
2.839002885829093
2.855452203765025
2.8500183439501052
2.939860693286418
2.8978558594178887
2.844140956628348
2.8346024960284724
5.992338877972213
2.88025906818688
2.9704591279700576
3.1726993585756222
3.141448297325574
3.003057156981804
2.8503007489041785
2.881923020698715
2.8398309109233084
2.8460726827875655
2.8937356536962695
2.8870450614829055
2.9319184743662294
2.8826584011671113
4.814057322434301
3.500128341269938
3.33314396015456
3.028582264105482
3.2330733594854784
2.907542956545303
3.1187934795672323
2.9934396866765773
2.8752612772089696
2.8763450219174587
2.8672391789478286
2.8457836394792166
2.8357100199776912
2.9084150362197283
2.8394844136260544
2.849818606402304
2.8412793144340456
2.8446350157484397
2.8836308887609645
2.8581877258403656
2.9157534908277274
2.893191862723615
3.076630597524841
2.8194114834033117
2.9132245608245713
2.958390939354368
2.857673863033643
2.8791412676186097
2.8531751104114322
2.8644429714247748
2.852472984892561
2.8630341298239737
2.971429046309371
3.0032685966071706
2.8819634275544947
3.5969730482384854
3.2348651482501065
3.4402961624145565
3.673978845425422
2.9511437808117322
4.50918783609756
3.041752076069145
3.2261185223375213
2.9220561559032734
2.8112433414325113
2.86329430822884
2.822719548544362
3.3359496383743936
2.8585002739738914
2.930014733936157
3.027884558064106
2.8664057779870173
2.8453732113343255
2.9333456874744863
2.890975292111187
2.8972274111129197
3.950281152142738
3.594536225792881
2.858179064146631
3.7015084208818756
2.945432880918468
2.8804222166644644
2.8745434752516115
2.9102462138930267
2.8676115554981907
2.9377260996103844
2.8087933305902
2.9588106326148305
2.8064169899362557
2.834232680013084
2.844096417399621
2.8511612156563357
2.8151662983947023
2.7897141754532466
2.80202603557027
2.8016635585188037
2.803178068729606
2.7979944790748448
2.804124328354584
2.8203791511158194
2.829930248012281
2.8547655454113428
2.8720935389176327
2.8603547160369445
2.884383115958197
2.904534315010409
2.966939161459586
3.1957618749482175
2.8431718977318807
2.9499750482507814
2.846256332544783
2.890316257376841
2.995589543350717
2.9345148853641865
2.8345066422849055
2.8537978629676295
2.8859567118620264
2.8836365136474424
2.9168462123097845
2.8955147417684906
2.8778015728866926
2.883564514845812
2.8532386839798063
2.8867646385490375
2.8446059249295876
3.0004801878006773
2.8288110753381583
2.8278324660756455
2.8351724344506573
2.906631676671
2.8624466301632134
2.9354722378441296
2.967063294492121
3.155377922736774
2.831377489401011
3.0986558591717586
3.763485282921465
2.828814145395311
3.1270771541520124
3.1796862072503935
2.906725955565332
4.740010562861828
5.0858627989991785
2.9613957900123355
2.897152697365607
2.8933818697802938
2.84149959590437
2.8625432386830463
2.831430690518223
2.885722376609215
2.863412109996216
2.850118678295945
2.87530424325829
2.8215592220197
2.820634970091184
2.890069785572792
2.8330286563200513
2.859376673418096
2.934072050583673
2.8999475349888355
2.8640330369604214
2.864135268875606
2.805465379698963
3.151117320525497
2.822736320691463
2.850941675470028
2.859193156645848
2.876358372637867
2.875069499898127
2.8442719591218455
2.8445343887005086
2.888410691090627
2.960408872194362
3.046679876687672
2.8444574307846757
2.885039949460624
2.8854922630440036
2.897384806974128
3.2616132211636457
2.9214724361452626
3.5437813246463183
3.807957571997708
5.12564285981355
3.4753605876366853
3.0117486673092264
2.797846169855173
3.7401759483331234
3.016521963990501
3.570913967330944
2.830300663476468
3.116942885244103
2.8797059356764487
3.940564354596809
2.9893849537071717
2.8803737542706704
3.5120429238396556
2.8267715804517177
2.965226628542024
3.038312921846387
2.8841783956734677
2.918151089811018
2.8945420940857765
2.8851735012181443
2.8933749248254013
2.864362810010215
2.8663528723157823
2.8667335248116887
2.8286003201164953
2.897266198660493
2.840522854769265
2.870158742771594
2.881642099931393
2.9019063734509873
2.9164957775224396
2.846049565945229
2.930362575331709
2.8611080121290704
2.863155221870665
2.8612346144627696
2.8506002535072765
2.876456982899063
2.8949019038331816
2.8600150402955316
2.9273565950553038
2.831426609680004
3.0014855667937095
2.9148736923292553
2.867812197358273
2.8532488072004383
2.8463279639070254
2.944370147281013
2.977652155588088
2.875180884462054
2.8617058794594206
2.949724675779697
2.858708485786293
2.9122951516755693
2.871820695872655
2.8888486816874144
2.8328670013726134
2.884993485953092
2.8762480559787074
2.8335506947894573
2.899529205776861
2.916576857994633
2.851574151918605
2.90263944491571
2.8626453951215476
2.900810773516932
2.8392695888497865
2.857366962466898
2.933908964157633
2.8464838322154247
2.87219749936403
2.926123385145969
2.9403890502818832
2.823729509103631
2.8319628364746565
3.127381497540769
3.1846754200484533
4.21679615631843
3.2179523010021542
2.8038031355392397
2.825666853840941
2.8389866105535178
2.8663479512830263
3.031835276002547
2.899249274521699
2.808104981430362
3.2461742139213574
2.871412941876148
2.913989643843239
2.856344512010145
2.916807433509603
2.8418815695700896
4.458524769479075
2.832429507284409
2.9911071392611728
3.107114070645465
2.9281201004527464
2.8846975166066002
2.8563611588473794
3.0264602946535115
3.4204701678910787
2.985833595896235
3.0960147156606306
3.1932324499540106
3.3392381936759157
3.099024444522714
3.0772817288485363
3.34596323964066
2.8838335647359004
2.9546047394197874
2.88816207420207
2.954889888157198
2.7973991397732956
3.0714335005618802
3.1358901882387324
2.840419834637933
3.4961691867001106
2.9550460409368897
2.8924868052692205
3.340608093913999
2.8833924006551275
3.0609414236444255
2.861997513011603
2.877125727935213
2.876791213092109
2.8809527247964066
2.856095786067823
2.8426317901637668
2.954274965590759
2.835573566811172
2.8681012455397212
2.844368280836979
2.881886261909667
3.0110399690135727
2.827299047518856
3.557710167873001
2.9119968554693045
2.8627692980903174
2.8207333115514555
3.8194213312366703
3.9299836621664834
4.0730157190943
2.8704774315230273
2.876871752680062
2.8726841015575237
3.292815537088871
2.8395444326928487
3.604260307489007
4.34912065204232
2.9122259893067484
2.955154125074432
2.973246421229109
3.10821636377813
3.159343231930269
4.527046664672684
2.884292262098007
2.9152366461032333
2.8670890647315286
2.849203854614974
2.870262859096465
2.8598816047613043
2.9969152789350177
2.8757363389474175
2.8448591196058297
2.8930077325261188
2.854669896129885
2.8610899334172357
2.844709006375327
2.901843792257483
2.902243095231153
2.9001897893458843
2.850234782526078
2.8451053662249004
2.8606518432868024
2.8469729904003227
3.1270834326968955
3.6434735825053313
3.1672789213158388
4.47089414693574
4.485060119755041
5.092587098351382
3.3015773775649713
2.933298142835892
2.9684573363051947
3.5150615104264755
4.396029069224554
3.4481922882575633
2.869123375137058
2.8233301976485308
2.874180418553511
2.8652555205956136
2.866041073161294
2.8903038136875754
2.8487615535303945
2.8393808001769334
2.9613143726351687
2.8370294639229696
2.8385389150450626
2.8318422515477164
2.9446140521166906
2.820367773197207
2.8432084472981733
2.8425417357227607
2.855314794622092
2.8852585001147957
2.8753408229184583
2.865131572481735
2.9156364565843864
2.9027521842662036
2.8657438431196027
2.882298627813428
2.899110292372156
2.928696911751625
2.934779679918715
2.985275553758166
2.950959758491117
4.280579234738455
2.8672615664282888
2.8678762269458558
2.8729030461431533
2.8603904031629255
2.852976942611925
2.9428332115046176
2.933048380231642
2.8569287552657765
2.855233384744524
2.8491663808354195
2.8410180315326867
2.930348154200847
2.8483952568243343
2.852642001983603
2.873030011387206
2.860833978294211
2.864945048404265
2.8658592209784386
2.864724997081069
2.9679476431368847
2.8773986370340308
2.9071689882009006
2.862013276869918
2.8730669706249987
2.910039480075969
3.7595880399335444
3.69323577609524
3.740111142342586
4.487060213797882
2.9951508053210416
3.2432869088687695
5.306226174875501
2.8657412497873267
2.8305237814593203
2.839079760934577
2.944734254356294
2.8360112985350745
2.9065885377041805
2.8542129672112706
2.901050499189891
2.8852933254430866
2.873343245525081
2.8682185927976382
2.9227573719364788
2.8689351943388983
2.862758636102028
2.873345531722352
2.9395175240526954
2.8402657657723553
2.8780210898352117
2.8690570023244346
2.926008757108243
2.8565699674181073
2.823246879262745
2.8533117412326843
3.2792085519106933
2.9148066299468685
2.97995498064176
4.432181378290126
2.911230163386531
2.893171613241009
2.8548943944023897
2.945045929369973
3.9837064042803934
4.268554228010502
2.8388803250793195
2.8724097037971035
2.867938814217895
2.86417964598869
2.830356193262493
2.9087922389018814
2.8508656623365995
2.862216838085587
2.862717160657991
2.8600161027437907
2.8920142733306995
2.8727283273660964
3.1032939625400586
3.024775819951928
3.440519637691339
2.890955229884151
2.9443701459316487
4.14299280607837
2.8033913611184396
2.863440290100834
2.8821036687567085
2.8043825586538653
2.8109685887105247
2.8620206384755487
3.0281408036723323
2.842694209285842
3.0018180844740106
4.293183518625119
3.5143084852832533
2.9059596186206074
4.343768756123506
3.207103822812737
4.005089234323485
3.494114359746745
2.9315727232468234
4.177320313170159
3.2600347481236978
3.031862533841281
2.8437271706027247
2.9515713777786603
3.7956058612969805
2.862746181604257
2.839456489047792
2.85641241818535
2.888104401293355
2.8560944165628652
2.826953195679067
2.849824717082417
2.856611185413605
2.862995164470132
2.9095405426651713
2.8519085789932612
2.827898002720711
2.938800887956443
2.828836435278386
2.8472871329426592
2.857707529028691
2.859876669515553
2.876517389614003
2.8366218091853597
2.845528552441529
2.8622703950702766
2.847022529694328
2.83272784167403
2.8806678271147357
3.193357247710617
2.9604906193740637
2.8390805957392713
2.9625840499476133
3.28758958733033
2.800587918793145
2.8764457035785815
3.08999637146116
2.851674036722141
2.87616965772327
2.880903074790777
3.0277936312723837
2.9559869942821604
3.0599585514455447
3.5399215498902157
2.980881004411147
2.8330038278348053
2.9368642631228052
2.850036407072116
2.892059880560798
2.858745125692934
2.887039547502238
2.868280136065427
2.8392540396425896
2.9075972498358027
2.875403208929246
2.8488907042041376
2.8541495240557353
2.853311765705522
2.883328060792552
2.881291347674697
2.8594595164176524
2.8451751584211618
3.044313736808745
3.0680204703670264
3.1490042219691725
3.879265478577764
2.851074210361533
2.905778634703781
3.453700066156468
3.124772782947106
2.9271341561736177
2.8357912118395414
2.8486292608589014
2.859004047517886
2.8638680609618934
2.83885258657365
2.8915683772533973
2.885139344442702
2.836522740175579
2.898802904357652
3.3646108976501075
4.6579916541579935
3.498319969076071
3.465825532868649
5.005001452079224
3.695245534000696
3.6597188883414002
3.769674493618892
3.2744965657760283
3.0408589466949385
3.1833372148301655
3.035775920621055
3.2758999938953237
5.603676050300887
2.8617119455568196
2.7920596139103413
4.108483851179768
2.829577176414616
2.9089317801427486
2.9991122692397902
2.8835221452640454
2.873155716199271
2.851080438580045
2.8658844378232438
2.854069089385544
2.878491465662298
2.867251529428456
2.83686435277892
2.884944178226971
2.849944228996092
2.849128362619759
2.8485457509378964
2.860707366015218
2.8562024258393293
2.934008836233506
2.8582003409918983
2.890690769795771
2.8956152215678452
3.4290791971146395
3.0557379371298805
2.9550192664408867
2.9158057495592264
2.8676269721082854
2.8621799734901336
2.8586493765671372
2.8706104370355763
2.872391252051819
2.8373226425389686
5.9251264835132735
3.0253956054984883
2.970188192401449
2.9263921653020386
2.8688059132984978
2.906148186343444
2.843575211773263
2.8678859885049883
2.8479694350638507
2.950402032867593
2.849147521157781
2.844195732702919
2.8247052021430727
2.8466780783120167
2.904346388643625
2.8590327667773088
2.9559532507325468
2.863065882985039
2.873841447877016
2.839748700998273
2.922719984050417
2.918669459327448
3.503679715684032
3.4033239169240366
3.231252355650872
3.0308276171276756
3.023644842890567
4.32038722934186
3.068889394563232
2.9055925915009433
2.9732397465440883
3.014711352856845
3.188154841948474
3.3454622755405667
2.8405829157516087
2.9907440243533205
3.2652404528619754
2.9706272188058205
2.8208492108015983
3.6389617990058523
3.4429715038713917
3.152013190974176
2.945495616648298
2.8942574347804846
2.913737314925973
2.9445642762817847
3.0177451440741576
2.7970166557032234
2.976237478430119
2.836674972099465
2.820321265926034
3.518776122058075
2.8123051838679096
3.4183146204949306
3.28428993085412
2.9116930826352148
2.9668515896734995
3.2054994180440888
2.7936598854114028
2.9022282558022923
2.8040603049633277
3.0074748188889364
3.7223926604238566
3.103166292489386
3.2197117032165
2.9860172593403442
2.8577222599180465
3.108843823939833
3.319683720369863
2.779345576972839
3.209934259004344
2.779753271668705
3.015870513344124
3.6882001397137483
2.787043183613778
2.814625472714896
2.8270128037285818
2.8430514257382407
3.2116875002465797
3.7509256200269965
3.0241400123911735
3.354623558772345
3.1696536668507598
3.789172010602939
3.073413373697958
3.0001084606139194
3.1761636185123026
3.3370877059069732
2.9688605227066893
3.378822070018826
3.254261824053232
3.613011260868377
3.636118468444677
2.869395323752069
3.1158302433742877
2.9430443906095354
2.8652921387623653
2.939483705965894
2.9354317479079
2.9324596807611876
3.209688836555687
3.1457622433090195
2.901580746714114
2.904739208060696
3.0040475981417587
3.5413650248570265
5.043035045823146
2.991830473616987
2.918857221990005
2.8675607784597954
2.992596134735411
2.882585569811572
3.194812161693318
3.0420817206256507
4.316583820060417
3.591300478332844
2.8269417584110372
3.334129586347233
5.143113340128359
3.118147185381361
2.91210992174268
2.8849679762645186
2.8376861229657924
2.8261609863339823
2.8307606866732637
2.98611015401965
2.8514775876782723
2.850507117609864
2.8562374905259986
2.8640381202586997
2.8710445905153636
2.929612749907775
2.897292095105662
2.8477496640086426
3.05895055191273
2.965814520376664
2.9146216245405006
2.9029469239106778
3.8428226026301386
3.899580921886631
2.937330317863802
3.056155566521694
3.0632754054775364
4.850494205691771
3.914953175509525
3.569063924880489
2.951243322212735
2.9454354852069953
2.905418562784526
2.8297425735943063
2.876219101246697
2.8591525271814433
3.0070588766283395
2.876652375212378
2.883727028198118
2.8575502231442256
2.8622443134006668
2.8462380097091495
2.86506210243642
2.8590775838166205
2.888014760752157
3.1287564599923887
3.0607393954207187
3.515960266441236
3.0223654351154554
3.2418098868601
2.8092553689746076
3.1034728031611816
2.8667155069630836
2.837473947845702
2.895839528069253
2.975144675811708
2.96674215874905
2.832731204269385
2.8410742727786262
2.833326909539966
2.9129214559607965
2.8313833442647653
2.879092186572592
3.6666838164775144
3.8095808758145955
3.291627805652759
2.827691252094053
2.852964981649145
3.02028601099117
2.8321604508071103
2.8284771541705345
2.83098664314233
2.8890901039265655
2.916861798972795
2.840168221821066
2.8427659731901915
2.9059510883684005
2.871670645495895
2.8742637557859174
2.8676059798415325
2.866684420397053
2.8560904790735777
2.8374009393414625
2.8573247202833527
2.8645676128200965
2.8936769426478715
2.9155890993289573
2.843418891242303
2.8936069029126275
2.859091760715335
2.8362744266198745
2.8312808959344036
2.920952389835402
2.9063617659347454
2.8332296209536065
2.8813193355239703
2.8605917813215296
2.8695420455498146
2.8378763117771557
2.8960598352083426
2.8754149224604717
2.963070793815417
3.581147446285862
2.8906045752209
2.8606851603051133
2.9753325905417203
2.832220059578373
2.8649130702176766
2.901642149230553
2.8393677308257175
2.9156025020110046
2.8636995814038753
2.9444974570080977
2.8702695302466754
3.206676372310293
3.4442467583678376
3.2925891587390876
2.966058102542211
3.9965041323614754
2.8809920913355707
3.1054207045088935
3.1886463029090217
2.834600917919465
2.840722737000516
2.8362326612313327
2.9776617115734276
2.8886496038878993
2.9416539624259825
2.9293142416220297
2.966458951720757
2.8423196551610754
2.9016914688583313
2.8832990263682214
2.855463813499825
2.926456570467688
2.8358085636169643
2.870077329657933
2.861110044977535
2.857676261447051
2.8943805632064956
2.9390901895618975
2.861984282730321
2.8464390942213607
2.8408396245751764
2.9885705295574865
3.2713308233299845
3.0880993533086034
3.870819188041621
2.8101264660099914
2.9680652110314667
3.33161539503186
2.8677119695955566
2.8886320235735963
3.451489577892818
2.9391356996608673
2.8851829550815795
3.2437475171576926
2.860088303867507
3.2345149276090956
3.0974108302483985
3.755772107015316
2.9697234873591642
2.8468802229925405
2.8426633852328704
2.879531047182059
2.860227891829898
2.8586942552726313
2.851134672609869
2.893710570024062
2.8564197686136694
2.8887636084618413
2.841582378686193
2.8664642194114327
2.824396955588907
2.903765131663844
2.885637435278615
2.8423402021504236
2.8322557791700613
3.1157653451850567
2.932601543865114
2.9097862912010273
2.9385248940676023
2.9652502312218303
2.952978388317103
3.1993820067425047
2.9110001294512546
2.8347977770653325
2.9077695394405882
2.859884130070114
2.8465722071073865
2.852735528562305
2.8722677764249562
2.878194222620703
2.9612919470476635
2.846388832945482
3.048384931140757
2.838326450617214
2.8335813893212043
4.686072412344889
2.896930917040946
2.8507958299598046
3.0749650008238114
2.8347926894413655
2.8527740707744362
2.897951458345591
2.861296485766657
2.9253330239663087
2.8390328516416603
2.8406616250057892
2.8943093325089038
2.907828960963741
3.4699477073036924
2.821025424252364
2.826456513186776
2.8722213967895236
2.83452536402042
2.8791019153527175
2.8260996307359667
2.8599284956820665
2.837066357435896
2.9561686625442
2.875855232740701
2.8483747957614973
2.852797183511078
2.9023786538415144
2.8952385979184108
2.8568731826178055
2.8629315890956883
2.8208287740022877
2.817470521608005
2.9382243227655183
3.0964354730456836
3.0157244550021916
3.1794668877357584
3.060937773738772
2.956574552945266
2.8842024298088793
2.867301983269198
2.883155984641917
2.895021468991204
2.872986763244676
2.8499235787197312
2.8923027819522704
2.8424979157992496
2.8384013161287287
2.8275098103370038
2.833755940242537
2.84609162057014
2.8694193335950864
4.429749468263072
2.8569344201552367
2.8085421384128777
3.2443309710134685
3.4649768947098396
2.8027198308140555
3.4707893349180523
3.0348826817651204
2.9078688317336123
4.143247184646509
3.5479428486226356
3.3904166012788033
2.9416269796326446
3.0080720163649417
3.0902348055447475
3.0128511964882563
2.8082700951947284
3.0659039752414547
4.711682359705458
2.9030895782194834
5.82172475851336
4.765442114010071
3.7759967376475254
2.9134224306787786
4.655294719830492
3.058528838002623
5.6312976413123135
2.991042633875738
2.960279494477371
2.9136486556238372
2.915242871064742
3.7822543868277263
3.462526461626677
3.5744760261656676
2.9087920252441823
3.086278287185039
3.1480348942144945
2.9249756258723116
2.859351398149659
2.9488306598766565
2.914064868019327
2.866672184568807
2.8458698678251415
2.8578670242979154
2.8337505586359883
2.8778250171095654
2.8597743004911065
2.8680809242312977
2.82343683216121
2.8105455075161077
2.885420428698561
3.004193766051704
3.7091090516369594
2.8812082247007487
2.8521992573144734
3.1303319279045616
2.833468489953521
3.1515643170879706
2.899762268492259
2.877028747529036
2.9147835566664013
2.9069182877191544
2.8375355786607077
2.833757490677816
2.895587901247505
2.873997717529769
2.8774042471942334
2.847172201498404
2.860698722038363
2.85787110651469
2.8732977624386122
2.8619921791722716
2.8299779678563532
2.86078359675825
2.83252442157178
2.920936468725673
2.940028780746921
2.8037557209615804
3.0007990311033423
5.109838580597923
3.08685134835308
3.0223555695695676
4.128402357004924
3.1297885118186555
3.6917019562614133
3.360583921511678
3.0280531938865103
2.960353435824894
2.8698793600759416
2.896932844011504
4.011639515490462
2.940244610946119
2.848219707769701
2.844396634188018
2.8665820618563593
2.8859894080165964
2.831343819242127
2.8452513158669657
2.916090959018184
2.8435594157596538
2.852558005420965
2.861299365565143
2.846651810908762
2.8837884032343277
2.8535595883018727
2.8477803690866614
2.8886527431729037
2.8350819130700473
2.8967917927821274
2.8346958387375185
2.874829962530143
2.8334541094939043
2.829760717103632
2.914528164063565
2.9962264863968455
2.8430648122679134
2.9267676157711096
2.8717800053187856
2.9825660093241755
2.872159010248774
3.0000571341594484
2.875946437494333
2.887729337392437
2.8806508588579938
2.885933552173495
3.057274123115959
2.8096443258238786
3.3891468039562076
2.9375049153737587
2.859365310703011
2.8771310523544043
2.8907928372985476
2.8436850063035974
2.8972922749947374
2.823079906952122
2.8423468923957156
2.83991262818251
2.8490599590646797
2.8234192698436757
2.833814974178399
2.891550571716792
2.866122865096105
2.8932913307907326
2.8749817743811175
2.8667512798281027
2.885597153552962
2.8695392949418745
2.855251695871925
2.8442712865505406
2.8345359421808993
2.8404798057787906
2.8889642756000113
2.8199199655615597
2.9344310279202395
2.87542622801842
2.9363676157069154
2.9292895785122646
2.863661738503513
2.8813869861273154
2.8525077967748844
2.856918204212944
2.89260317215222
2.862160515126512
2.8608743644555825
2.8412869523532205
2.846773892069585
2.8943851286671767
3.8599285986264036
2.851339905840838
2.841537935776075
2.865068296628868
2.842503525751471
2.8493827105481344
2.8566001135244607
2.873405787293424
2.861512825567043
2.873284452527323
2.86995481410296
2.8766729140272025
3.035795307792042
2.861399865457745
2.915703646303464
2.831477778081338
2.8497865358413783
3.781900008669973
3.6756066097360534
2.842423127275936
2.8894532127367687
2.9719057542075418
3.3315147800399156
2.9114405524774805
2.9263326759833665
3.155645743417188
2.924249192321806
2.832868235589749
2.8897356183385194
2.8683639039759146
2.8572823910188694
2.83595968050966
3.0693612325245514
3.363904734185663
3.450312527650441
3.25554023770911
2.8981995712702284
3.1364384744088665
2.878037943193762
2.860279039676088
2.869567744081465
2.912358444091501
2.973123755153393
2.8514357105211463
2.835465210790978
2.886787608690741
2.847887355072882
2.835765570816481
2.843956532895577
2.8692070818239075
2.8759552935022077
2.856739341591651
2.840003370622421
2.8819430698062485
2.8938745376795127
2.9897310653458864
2.8327560713231317
2.929381185451155
3.6526156284956532
4.576134247675467
3.05323823298848
3.3622261767954376
2.7923875316401556
3.0237594084709123
2.821353568708231
3.496310563078806
4.534779442841913
2.9153242985747503
5.289519674056132
3.213966325438858
2.85904185236243
2.8752112227235145
3.187125715564865
2.8032997090811564
3.2918433570650962
3.5732843336982585
2.913936205652613
2.8958644722089724
3.147528102059214
2.9668036286665505
2.8789866422247328
2.9736006751780315
3.250770270642349
3.2339784476042333
3.4192120162280446
2.8979853664344866
4.510412550161978
2.9946147613396823
2.8687674400376983
3.2605161385409627
2.8650679083236175
3.1717397978474384
2.8408236739729227
4.212007238340127
2.9446584882447935
2.8616082216078818
2.8328250238851025
2.9317555323720668
3.0426422640144097
2.986588170928835
2.93040213603879
3.525841335081715
3.768678943799639
3.409330495642599
3.7287780146306275
3.369353201063284
2.959585121644224
2.8587146679936466
3.201069372991635
2.842792008954198
2.8622225323648744
2.8799973439371485
2.9450413130587023
3.0194884735963416
3.2156413200450737
2.8185339568170793
2.7916404489768576
3.235009529842801
2.9085742321439723
3.1767339095902347
2.7926176564080167
2.883695618864909
3.0050494443000346
2.9432371359483653
3.0962986043158094
3.1078613807601725
3.1612533660526005
2.9263025799511317
3.4729339134457904
3.7734392640938026
4.235275278669823
3.0619837074278933
2.9159710315312832
2.799250646967036
3.484564071066377
3.864105414095689
3.497215057770173
3.3740748183545666
3.6384456330180615
3.79799038227716
3.746105304610775
3.4564254464798614
3.549494709921145
3.018961103677217
2.8331972272531227
2.9614764585260325
2.9725173598272696
2.852698780635826
2.8702378930389156
3.627298551872398
2.8147490271488307
2.830879325812746
2.955179886383156
2.8497598777415396
2.8497872575328858
2.8817975129169753
2.8634877971568917
2.9075075784598527
2.8709971509155605
2.908683939085524
2.8723205303224706
2.8700031439911444
2.9279575675654437
2.8764807075705408
2.8986236356307007
3.0002568470900615
2.84590237912151
2.869849239372783
2.8470556621466567
2.8403416725466646
3.1913886577191586
2.942526454059655
2.9067850794982855
2.9052178771883925
2.9870096234774595
2.9468920332368724
2.918755146973042
2.957907435818387
2.9386059265917863
2.8978316564963817
2.8377839247338557
2.8141623137468095
3.0132143420250928
2.837004005198636
3.81563668680494
3.1693583347412515
3.1236550428958547
3.128752323163447
2.9564711843939886
2.9984318435813866
2.9921991305459663
2.859162257139147
2.8543025972675835
2.9331821274741667
2.846781831608002
3.10806067741862
2.8344552864637107
2.8898530287488553
2.897215983625286
2.870558676271936
2.8739156293626937
2.8646683214109645
2.848210623844742
2.8826884154635435
2.8785812200349685
2.8778372564963766
2.8382570482501333
2.94469435150576
2.827614597982353
2.8880481862225826
2.8434075421804423
2.952746254830612
2.836404875940933
3.0572114890270705
2.8394611810117127
2.8708149730527888
2.8310472511470857
2.869520861615761
2.8750066881965752
2.8372150307998374
2.8504205282899626
2.8408669009528094
3.5187028272009893
3.3212512654470276
2.848719897230839
2.9044219602191172
4.924092123703842
4.925540218771016
2.866830938670311
3.9157828049269208
3.989032507581878
3.835548681059307
3.2375916767702564
3.571448694389979
2.8698652095419472
2.8715013739556254
2.8358792291900827
2.8491250637693906
2.9209681621947645
2.8871709197001607
2.851590293422621
2.9219875835246447
2.8601862303943397
3.867811056314528
3.1140840096890408
3.6915859375298803
3.763208298307174
3.2043139821418056
3.1087894730550794
3.1178893494754307
3.1625846362607875
3.7575039537253665
2.8527811568630534
6.248158470185449
6.0042286527035325
2.8009937592262144
2.8039639396147273
4.725434727882445
2.9702365530687467
5.2842261791320375
3.476516022956336
2.979830902934018
2.8500294827934978
2.971396376153399
2.853090631301071
2.8763067094924537
2.870842797967804
2.8540683412697634
2.8948638432277205
2.846086447451556
2.867189297680042
2.8354266440376996
2.8511491663961475
2.910960268332846
2.8789895258208755
3.1137070550277497
3.225534364236087
3.5197949716921055
3.773672618940446
2.8451728883733693
2.9140359241986653
2.808416970616257
4.582354961371778
2.824022608948799
4.0640862195955
4.11358149249847
4.016521964588189
3.580029633294722
2.917996477262998
2.851664726362845
2.859948801318954
2.858953080205748
2.8660403859776427
2.8674093276717554
2.8894010596920965
2.8586577268673055
3.149414338878592
3.3418840605953006
3.748445548589579
3.024086807929354
3.024086807929354
3.6492412474529194
2.93497382313791
2.8996108665522833
2.909656759248173
3.100195029472948
2.940613774339848
3.4011712923930135
3.4261983993419753
4.213353144449271
3.163357162237491
3.1060763443031583
3.647003808779939
4.599975738993517
3.7215832032941023
2.9005135883579416
2.8671838373224734
2.899403327282696
2.863472169584213
2.8523408277742974
2.8873704090447574
3.49347140853226
3.309654066645051
3.0416920790976985
4.290365365837708
4.9979241758009625
2.9496787144013408
3.1602873277321177
3.0394785529499875
2.8827176478553245
3.311864650143195
3.1267451306819884
3.1316477552927156
2.910219773426571
2.8438733770036295
2.786899978243345
4.038548504642317
3.24316790936067
3.956840868584135
3.45328224163164
2.990575478647104
2.85424293116548
2.850381427377206
2.8806507316681578
2.8644142854511743
2.8429388030808096
2.882018880845254
2.8458741415384776
2.8625547642543214
2.8751284709350764
2.827916672358734
3.034253755590345
2.831531795271639
2.865845647741858
2.8625866966673508
2.8709636141263104
2.878063941375154
2.8365696262152316
2.8462653280380676
2.8718146998568455
2.849992845607982
2.9039842213921
3.0177232295555627
3.4805481803653224
2.9756019887557725
2.854626144598888
3.041954817157464
3.0208761069995416
2.9502588659847646
2.7995508142068006
4.724521222625509
2.9720662102934194
2.7990859383629316
3.5734138962733417
2.823461968568818
3.4459992414349867
3.053993818821218
3.3024042001345455
3.726691519446226
4.493484284864391
2.895671145497097
2.954650329020172
2.9838183216920138
2.824723201556639
2.8337703733291777
2.927109328570745
2.9468194015072413
2.8604719854213996
2.864692101184985
2.881765368836889
2.865142847285073
3.5133771974206778
2.9294024313765155
3.088174736876354
2.844994506671142
2.901103370963266
4.1741288815558315
2.9286815723213575
3.0464735241291527
2.9820417565371398
3.1997692555895494
2.8422074067584147
2.92941965149809
2.8600304600376343
2.866166668732707
2.881754509064679
2.8268896394005596
2.826520034223411
3.0014956852185195
2.8504950343294633
2.864496842605852
2.916924252205504
2.8373638926723967
3.081160233839835
3.278165661000177
2.856710707339644
3.1042901912153855
3.151904761047076
3.0728479574255645
2.8676349399187773
2.8796490105355446
2.8554017961879237
2.880680961907593
2.872392867039074
2.8317197721639165
2.9094944705327657
2.842192506637395
2.9605028001034777
2.8502233974918694
2.8537656600954318
2.884153342710249
2.8640722997512733
2.8577397056486826
2.870899395577194
2.8379805688026423
3.0291666888875532
3.0236822889532142
2.901727669116003
2.9509117498254986
2.928949129237207
2.814109862919027
2.8322405298529887
3.290086575676971
3.8256647982601373
3.111120506010362
2.816541802811516
4.939761681901489
3.3835528042263245
3.238265944670718
2.874102033854302
2.8219897357265347
2.89449509411065
3.2517328654021473
3.54926943542805
3.0292224031350576
3.463255272931359
2.828575684000401
2.9808008056614517
3.7279762715287035
2.9607624938969783
3.073442224775696
2.871286655419367
2.9529625525249203
4.029620877548204
3.0675230993462748
2.9750159781358416
2.820884874852027
3.1516815343102556
3.629199551922999
5.475769302528838
3.8060283498782645
2.8730425678623988
2.80660350140667
2.8371771212269894
3.300379694019372
2.889401425064224
2.9725406177565326
3.2269678515246585
3.4965133036452842
3.650254820581326
2.9581018771795557
2.9043775973672314
2.9125332927344028
2.8693208295082075
2.8787989928188713
4.222324241200121
2.8672849235776097
2.8314974761420815
2.8704343505895786
2.837274061346832
2.8426204967316506
2.8304669341604027
2.868549482156543
2.8483063907122874
2.863465665790368
2.888952819689739
2.888874070808018
2.8608314275133613
2.8730513496688728
4.18109607449884
2.936176203269051
3.124062900455759
2.851719714471672
2.8240818474064353
2.832413318585301
2.8513399601685885
2.8370681914941116
2.9758142229018216
2.8745731606791454
2.842277926970721
2.8759549856923865
2.9012768120735637
2.8395717571479855
3.8744936208383973
3.1139344820434243
2.840982192973312
4.818514433203763
2.9030545353980135
2.8162910162150467
2.9255455471076557
2.8145436886874338
2.8817173188407796
2.916645907127741
3.0975848529010808
3.259340126460641
2.8424753016757625
2.817574283187006
2.9271741029059566
3.4919552559220177
2.9486184410045095
2.805595639867486
2.846283916094311
2.8052114388035414
3.8616072944753297
3.8477589687650267
2.8854564681380213
3.7053178772372606
3.8247825227091132
2.9096197304786355
3.1763982142492244
2.9219376642056583
2.8293792023755984
2.8502758803405923
2.940917915196624
2.8697257507990077
2.81530940572705
2.808633946390712
2.8075547725634875
2.920524335937571
3.4538978954276183
2.885338176097601
3.3254797195441332
2.807038439586634
3.325916358391632
2.901554004833662
2.858180541942075
2.8264169578610625
2.8725164959365808
2.8055690470789605
2.873823086253741
2.8416552234864003
2.8565160730281383
2.8967890371637726
2.880413852082625
2.8595090097390337
3.4812105030770235
2.9632241006056317
2.8631857851684814
2.845870264124695
2.9174758477338685
3.796241713959094
2.841816684994693
4.048076737075101
2.7775011961439184
2.8455250185633156
2.8343381124731053
3.0322231156075308
2.8389276867349436
2.868868516986372
3.4958297353792234
3.2713515950320056
2.80018061212145
3.037702812444957
2.8652338064493255
2.775392795468086
3.5186721183924043
3.18985801330668
3.128442511118909
2.8986623092321775
2.9112874502850885
2.8745763077173105
2.885942462449637
2.8529454538827608
2.9502511880927487
2.9196598581183624
2.890064378637594
2.857453647964426
2.9403731082184614
3.2845156249518235
2.9830627751204197
2.788447294676331
2.8835067572537527
2.8885485142433027
2.850930813235982
2.8992960537954877
2.8712593798417734
2.9349597618658203
2.9378990522708612
2.8442171632469933
2.847244183530287
2.9076216209586674
2.8530742942682523
2.8654006553678695
2.8305778534652877
2.880483753441479
2.8852359497503346
2.8484575050557313
2.921810965599027
2.9551485100129016
2.8813328010394135
2.8615936808284843
2.869647843947244
2.908117628609003
2.849762580364864
2.837753382895651
2.8433794256758795
2.843453047801452
2.885110187625278
2.8334203376560785
2.8441690300983797
2.8344947987838944
2.8414079432619173
2.8681357580383136
2.8874340500528586
2.851506864645157
3.11390380139279
2.9545712890700098
3.238420025324336
3.010566634491291
2.8651640518045
3.5744559966434424
3.9340262796469974
4.815176764171908
3.1216403630969487
4.153651058221681
4.049976942008999
2.8795811116027084
2.845646830769903
2.932812126563154
2.8616428514911085
2.850993295907104
5.1768628547749085
2.7879786931409107
4.178353817441453
2.899993962982638
2.887302358807882
2.9386312476582304
2.8567071302521843
3.080163475201892
2.842735779466417
2.98474958903779
2.835602090095978
3.055109031413838
2.8692284222221565
2.850478176692649
2.8689138042344977
2.838399053345542
2.9288669045349205
2.887296643312659
2.8447437585067794
2.861916183894173
2.9054043119790522
2.8872814193062015
2.9835607579194825
2.8632413109355768
2.8521433051075995
2.876951525469537
2.894077667746765
2.8754491716407395
2.881913432682896
2.836299415546491
2.954112386465034
2.98270377662678
2.8375060626053528
2.979750041656543
2.8573008216106475
2.8511771163581816
2.874167151333171
2.8785841342437397
2.8509150290722363
2.911514891087578
2.9597881210612202
3.8986273279546677
2.9436044922813616
2.827325665432718
3.1765572160759596
3.1491454234059173
3.7515028705766915
2.9130197059399943
2.827646661549765
3.271831583894058
2.868001689488114
3.9794196602421312
3.062117410207978
2.8994667885466034
2.8130258673601354
2.82744696386077
2.9423142574911636
3.014522893195746
2.8047676846896548
4.976600486499347
2.7718135954296486
4.993860515919994
2.8915388390337746
3.12047687100742
3.0167713167567936
3.0895324534741206
2.9085756039950548
3.240090278916692
3.432272634979165
3.6925873261557784
4.155814609633127
3.2832995944884216
3.199082788028498
4.935163029891684
2.9880494920734213
3.4173546687186866
3.1622297993798956
2.8277556977720106
2.9293422848909607
3.568829186736166
2.991332042428237
2.841295596958032
3.0282406711449728
2.8854565482313603
2.8876357767899976
2.832861085549196
2.8485037935244035
2.841853525791106
2.8568667023291567
2.858344968660386
2.852343395200938
2.856743676930466
2.8276952319669575
2.8549319695360937
2.8629887943600103
2.848260074961134
2.8353101050940506
2.8479836169110317
3.34889747770334
3.429341311935132
3.081804510784173
2.8975499478664157
2.896540448754502
2.86641483324948
2.854358661331786
2.8680736460057057
3.101409722185945
2.8178423835513304
2.9395680138873446
2.8730169295018175
2.8728776163672087
3.1657141703243243
3.4104192068892867
2.8308927902802608
2.877378397921876
2.959491369529667
2.8849477229268086
2.9940691571337563
2.988832038242541
2.920783277524757
4.303398131452307
2.9795420005438475
2.9423517396567256
3.0325030070974304
3.139349188823903
2.8808773006770743
2.807478874338353
3.0928917522215595
2.9290107020869396
2.9101151129285503
2.881477086746378
2.8645007559192357
2.8333068189974195
2.865103243569909
2.8017421729553114
3.0377107240916845
2.9376607740265683
2.87592064174777
2.933130250005161
2.9017941799479408
2.8881964111276845
2.907372503038072
2.9720174927985483
3.7294067639204678
3.4189657954671717
4.458338402015393
4.3843676167536945
4.09562819672851
2.890764535627759
3.00373964062182
2.8588453847272874
2.883718048980227
2.857671295463698
2.9520390120221607
2.8853811746153717
2.906924100107556
2.8463425842959085
2.901716080842888
2.8757327285407657
2.995993811864525
2.85777228010287
2.8498036675407565
2.91976619783963
2.8304115042960585
3.1222348018750763
2.8256805744026807
2.96959643119422
2.8564940302615085
2.894018944472212
3.39502614089485
2.885776339004405
3.0659758923120037
2.8257346470551914
3.1047426970236764
3.0612149521634615
4.2856007159582346
2.987778117354787
2.895594409773044
2.813422308261025
3.111418155703009
2.9690386107082753
3.1242552291563435
2.990271539439486
2.863283921082937
2.859966222050701
3.6286460142659673
4.805312868257574
2.824852156878166
2.9183143805362013
2.8935474402261794
3.165210165347701
3.016669449709013
2.9577172613920704
2.8423961709054213
2.8313753394078613
2.8691067547289193
2.857996443497592
2.8463847312734787
2.891610911767896
2.8947198800396823
2.853625770147481
2.8929553190230157
2.8967403436801913
2.898774241877701
2.992215125297185
2.8793818087087417
2.9653000000215277
2.874805663445489
2.872370040782202
2.838499967692929
2.8725890782653587
2.8452424405373566
2.909791159597524
2.827199703039466
2.979069568421395
2.830113021225259
2.858162618041858
2.828884265155157
2.83668900758842
2.8285096381293826
3.0608954423062302
2.878908244707241
2.826166764591382
2.871067475074063
2.833668128833074
2.9082231304226562
2.9228354520934303
2.8478004777840455
2.8389796781003835
2.8353092555630983
2.8203261693726542
2.911535616074458
2.85241615959633
2.8595367774483718
2.854562992483924
2.8712541975425103
2.885008121208708
2.866623176830227
2.907066416462384
2.853837233176488
2.8535125547523794
2.91429436740618
2.8633241428935006
2.853350399627618
2.877711763330685
2.8494466810366115
3.275697051869054
3.4735272010250524
3.189308713297282
3.560617636829032
2.9013745306070664
4.481187259798439
2.781798389592564
2.782526375350459
3.4046675727903395
2.919432226606058
3.0819550609857713
2.9668028268874256
2.895202666320996
3.580342105437685
2.924213400148509
2.8541450953295633
2.9257656788432658
2.8475029628348087
2.8516851585274128
2.9713704398118495
3.022187152526893
2.8555227859776444
2.993575581992409
2.8913062386637067
2.8550816765067135
2.9490515068651533
2.829573033568071
2.9317371886243944
2.833718160865742
2.8392041578251987
2.8509995018962195
2.9328333855672355
2.851780467003017
2.8567936202234794
2.9069803096075413
2.9101378972431897
2.8785184436009015
3.259508859568951
2.8289331162714375
2.83408664576428
2.8335177663614983
2.8180105562918065
2.836349175855435
2.862324682164897
2.9148122740553073
2.9998098054063678
3.0533563325492366
2.806200473616348
3.0751801567815393
4.639492538783184
2.9101582045113155
3.2507664103518126
2.8284898633858777
2.883265746382729
3.571308947489269
3.159510618886543
2.8660257282855035
3.298646107560356
3.189658239191728
3.5831738732398817
3.6721860613321957
2.783503905943925
2.9320738134477597
3.1951596177251296
2.906701602792449
2.85676378588541
2.7916513066412945
3.2516146228690834
2.7986883997191963
2.931484247331563
2.870055790279594
3.0304052021542462
2.9638152597821708
3.0464397939735033
2.8625800443560627
2.879913264807465
2.8681873866295216
2.843319279464509
3.485558902246134
3.0381034208357387
2.97476220503535
2.922362846252616
2.881384635016454
2.855911983435378
3.500366807562517
2.8801101185657663
2.8633886936279387
2.876041523586631
3.238457517386922
3.171172552720384
3.063563920040947
2.8825742702895356
3.02292572200923
2.845980276293017
2.9066221984994742
3.150619179884645
3.209063644830195
2.898318767736027
3.1000561372909186
2.8797694440144834
2.892995338055351
2.83810260355819
2.8395739252112535
2.875233627524344
2.842261180870615
2.903087020744862
2.899821856982438
3.0887599875280416
2.865345233983065
2.9388451789677283
2.902931243602799
2.8511728057517525
2.8499263972130904
2.8621286120185188
2.851298993558099
2.8653906489370606
2.9926612380215745
4.906861362608677
3.0841431845179765
2.843391568070942
2.77357364949339
2.9789285757667967
4.1682727869260345
2.9208221114268555
2.866859101623273
2.932888556078387
2.838739095273655
2.830344383200528
2.97361849905059
4.392998712672045
2.9014836244013584
2.9478936848165955
2.850555247183398
2.8586979459199555
2.8390708395967605
2.844296907058902
2.8590439331596826
2.794106837066084
2.9500916841896374
3.1787634116171777
2.820287901516913
3.276669145713818
3.276669145713818
2.8737474314029727
3.7285695218259196
3.296502038419254
3.056527161896715
2.8196378019365556
2.9450453052187413
2.780814084642841
2.8244147907299757
5.238726269638514
4.438471174128679
2.8074689727777993
3.3616597788092433
2.9445790258861564
2.9849721116025654
2.9746599688700064
2.872923410205665
2.904974337231452
2.8733578548069265
2.8374698839770565
2.825940669396556
2.96047445206117
2.822044602025607
2.9329261078012663
2.8584366910848797
2.9077939646844486
2.8717317818619144
2.836063006494028
2.8448748834668187
2.8920591688548183
2.89423258436429
2.8493753693499646
2.854594294608579
2.8223876098637484
2.8216059002946423
2.8341768620412373
2.8431293520438405
2.8381185361580843
2.8747529785333747
2.8840518561164012
2.851956433859658
2.904358127857441
2.8913861519242037
2.8457435850769914
2.949203255277763
2.8953536888581755
2.9212732114562296
3.0834955338946544
2.8481677148335356
3.2608500861121366
3.6215988448460488
2.9650677723557357
2.9310329183178894
3.393140360412565
3.2064373882299533
2.804174117443565
3.0422239337591717
2.8852706699965758
2.854052145027687
2.7959638079152858
3.518139423701249
3.4598474927340743
4.140419195007632
3.08376724018493
2.8756890637533457
2.907721591975246
2.9233675698050847
2.9291108426337806
2.859926945088389
2.837455592722422
2.8134124540743257
2.8731095524022447
3.6657248072444464
2.912670091221046
3.0271819699956746
2.8523002325530715
2.8675415711681187
3.3047670579419473
3.954043322921205
4.407465264259736
2.890097238163318
2.777448690762533
2.9758277355711216
3.334528333064159
2.839996829015078
3.149910298311685
3.078483819860023
2.901131994146983
3.4117542581238594
2.779614070366259
3.5448088902795334
3.028052874126919
3.891763107292821
4.084806834212429
2.781770070098325
2.8920115009208804
2.8252566567273942
2.8144459046202943
3.0096750791065046
2.9404219478829896
2.845491256347954
2.918164235533308
3.001521771355768
3.0548029409287816
3.1195677067661682
2.8448732933783933
2.9248311859338263
2.890671768536336
2.9172994809023494
2.9606973239339105
2.856687718394955
2.858590995917711
2.942231329488095
2.8185043530767606
2.8239491099897913
3.514604627666928
3.2949674255052885
3.3653901989076447
3.491776330451778
2.8460139532206936
2.9277637982854534
2.8271106071480516
2.889005593410053
2.8501302200323373
2.8914961469298324
2.927620725249667
2.845080035399577
3.01185435993669
2.873536658650287
2.894788639176724
2.842524973351808
2.9063248123057788
2.8638280258851934
2.8585452618985814
2.8668748437437857
2.924049461049902
2.8949766023184065
2.869174752019011
2.8885687551276518
2.859754444790374
2.847304491603313
2.851125445864964
2.8231342853406636
2.894027347392104
2.863865656367522
